   1.6393443e-02   2.0800000e+02
   3.2786885e-02   2.2900000e+02
   4.9180328e-02   2.8200000e+02
   6.5573770e-02   3.7000000e+02
   8.1967213e-02   4.3900000e+02
   9.8360656e-02   5.4000000e+02
   1.1475410e-01   6.2400000e+02
   1.3114754e-01   6.8400000e+02
   1.4754098e-01   7.8800000e+02
   1.6393443e-01   8.2800000e+02
   1.8032787e-01   8.3500000e+02
   1.9672131e-01   8.4800000e+02
   2.1311475e-01   9.1900000e+02
   2.2950820e-01   8.8800000e+02
   2.4590164e-01   9.3500000e+02
   2.6229508e-01   9.6600000e+02
   2.7868852e-01   8.8300000e+02
   2.9508197e-01   9.0500000e+02
   3.1147541e-01   9.5400000e+02
   3.2786885e-01   8.6800000e+02
   3.4426230e-01   8.4300000e+02
   3.6065574e-01   8.0600000e+02
   3.7704918e-01   7.9200000e+02
   3.9344262e-01   7.1000000e+02
   4.0983607e-01   7.1700000e+02
   4.2622951e-01   6.9200000e+02
   4.4262295e-01   6.5800000e+02
   4.5901639e-01   5.9100000e+02
   4.7540984e-01   4.9300000e+02
   4.9180328e-01   4.7400000e+02
   5.0819672e-01   4.7100000e+02
   5.2459016e-01   3.9900000e+02
   5.4098361e-01   3.7500000e+02
   5.5737705e-01   3.2700000e+02
   5.7377049e-01   3.1300000e+02
   5.9016393e-01   2.8000000e+02
   6.0655738e-01   2.4200000e+02
   6.2295082e-01   2.1400000e+02
   6.3934426e-01   2.1600000e+02
   6.5573770e-01   1.8200000e+02
   6.7213115e-01   1.5000000e+02
   6.8852459e-01   1.3000000e+02
   7.0491803e-01   1.1400000e+02
   7.2131148e-01   9.6000000e+01
   7.3770492e-01   8.3000000e+01
   7.5409836e-01   7.8000000e+01
   7.7049180e-01   7.6000000e+01
   7.8688525e-01   3.3000000e+01
   8.0327869e-01   3.8000000e+01
   8.1967213e-01   3.5000000e+01
   8.3606557e-01   3.3000000e+01
   8.5245902e-01   2.4000000e+01
   8.6885246e-01   2.0000000e+01
   8.8524590e-01   1.1000000e+01
   9.0163934e-01   1.4000000e+01
   9.1803279e-01   1.9000000e+01
   9.3442623e-01   5.0000000e+00
   9.5081967e-01   3.0000000e+00
   9.6721311e-01   4.0000000e+00
   9.8360656e-01   7.0000000e+00
   1.0000000e+00   3.0000000e+00
