0 3.82779
0.1 2.28699
0.2 0.823738
0.3 -0.826733
0.4 -2.62281
0.5 -4.12021
0.6 -5.12611
0.7 -5.64421
0.8 -5.87251
0.9 -5.96391
1 -5.89111
1.1 -5.72241
1.2 -5.19991
1.3 -4.21821
1.4 -3.36991
1.5 -3.15931
1.6 -3.67741
1.7 -4.07751
1.8 -3.58691
1.9 -3.04721
2 -3.12791
2.1 -3.08911
2.2 -2.64191
2.3 -2.22231
2.4 -1.68651
2.5 -0.697212
2.6 0.225157
2.7 0.476067
2.8 0.534197
2.9 1.03472
3 1.7864
3.1 1.96529
3.2 1.81419
3.3 2.08239
3.4 2.91888
3.5 4.21199
3.6 5.60379
3.7 6.79359
3.8 7.82569
3.9 8.55289
4 9.08559
4.1 9.08998
4.2 8.87719
4.3 8.67019
4.4 8.10678
4.5 6.95699
4.6 5.00279
4.7 2.26429
4.8 -0.372814
4.9 -2.4802
5 -4.2291
5.1 -5.39566
5.2 -5.86666
5.3 -5.81601
5.4 -5.59341
5.5 -5.38481
5.6 -5.25931
5.7 -5.37411
5.8 -5.53261
5.9 -5.46591
6 -5.11621
6.1 -4.59841
6.2 -3.77151
6.3 -2.23251
6.4 -0.213913
6.5 1.73389
6.6 2.7817
6.7 2.92242
6.8 2.68639
6.9 2.29689
7 1.29159
7.1 -0.238813
7.2 -1.77081
7.3 -3.03441
7.4 -3.79191
7.5 -3.88051
7.6 -3.68771
7.7 -3.94271
7.8 -4.85761
7.9 -5.75551
8 -6.20001
8.1 -6.35231
8.2 -6.42691
8.3 -6.12081
8.4 -5.34611
8.5 -4.18231
8.6 -2.51886
8.7 -0.279823
8.8 2.26548
8.9 4.63269
9 6.58929
9.1 8.30279
9.2 9.86659
9.3 11.2613
9.4 12.6871
9.5 13.9834
9.6 14.3854
9.7 13.1796
9.8 10.151
9.9 6.66499
10 3.93589
10.1 2.09929
10.2 0.734287
10.3 -0.444313
10.4 -1.31331
10.5 -1.54581
10.6 -1.10101
10.7 -0.377113
10.8 0.196386
10.9 0.574787
11 0.742756
11.1 0.864748
11.2 0.856907
11.3 0.390913
11.4 -0.687122
11.5 -2.22091
11.6 -3.51791
11.7 -4.28191
11.8 -4.84251
11.9 -5.61181
12 -6.45561
12.1 -7.20531
12.2 -7.97841
12.3 -8.77151
12.4 -9.45851
12.5 -9.76151
12.6 -9.58441
12.7 -9.00271
12.8 -7.94601
12.9 -6.69821
13 -5.70061
13.1 -4.82091
13.2 -3.71361
13.3 -2.80491
13.4 -2.35441
13.5 -1.90631
13.6 -1.31871
13.7 -0.483513
13.8 0.328987
13.9 0.646788
14 1.05879
14.1 2.58939
14.2 5.19489
14.3 8.05128
14.4 10.9455
14.5 14.1666
14.6 16.757
14.7 17.5145
14.8 17.0545
14.9 15.907
15 14.396
15.1 12.5593
15.2 10.4806
15.3 8.31489
15.4 6.04029
15.5 3.79478
15.6 1.81869
15.7 0.187187
15.8 -1.12801
15.9 -2.28692
16 -3.46555
16.1 -4.83621
16.2 -6.20141
16.3 -6.95131
16.4 -7.04971
16.5 -6.77871
16.6 -6.59801
16.7 -6.95101
16.8 -7.88031
16.9 -8.88901
17 -9.38601
17.1 -9.27251
17.2 -8.80631
17.3 -8.25981
17.4 -7.98241
17.5 -7.92861
17.6 -7.74081
17.7 -6.91561
17.8 -5.26481
17.9 -2.95711
18 -0.0937119
18.1 2.61518
18.2 4.44049
18.3 5.46376
18.4 5.97839
18.5 6.06639
18.6 5.86479
18.7 5.30789
18.8 4.43449
18.9 3.59978
19 3.20579
19.1 3.38329
19.2 3.82479
19.3 4.21799
19.4 4.43559
19.5 4.35128
19.6 3.75429
19.7 2.66659
19.8 0.835287
19.9 -1.45835
20 -3.20019
