0 3.82779
0.1 2.28699
0.2 0.823738
0.3 -0.826733
0.4 -2.62281
0.5 -4.12021
0.6 -5.12611
0.7 -5.64421
0.8 -5.87251
0.9 -5.96391
1 -5.89111
1.1 -5.72241
1.2 -5.19991
1.3 -4.21821
1.4 -3.36991
1.5 -3.15931
1.6 -3.67741
1.7 -4.07751
1.8 -3.58691
1.9 -3.04721
2 -3.12791
2.1 -3.08911
2.2 -2.64191
2.3 -2.22231
2.4 -1.68651
2.5 -0.697212
2.6 0.225157
2.7 0.476067
2.8 0.534197
2.9 1.03472
3 1.7864
3.1 1.96529
3.2 1.81419
3.3 2.08239
3.4 2.91888
3.5 4.21199
3.6 5.60379
3.7 6.79359
3.8 7.82569
3.9 8.55289
4 9.08559
4.1 9.08998
4.2 8.87719
4.3 8.67019
4.4 8.10678
4.5 6.95699
4.6 5.00279
4.7 2.26429
4.8 -0.372814
4.9 -2.4802
5 -4.2291
5.1 -5.39566
5.2 -5.86666
5.3 -5.81601
5.4 -5.59341
5.5 -5.38481
5.6 -5.25931
5.7 -5.37411
5.8 -5.53261
5.9 -5.46591
6 -5.11621
6.1 -4.59841
6.2 -3.77151
6.3 -2.23251
6.4 -0.213913
6.5 1.73389
6.6 2.7817
6.7 2.92242
6.8 2.68639
6.9 2.29689
7 1.29159
7.1 -0.238813
7.2 -1.77081
7.3 -3.03441
7.4 -3.79191
7.5 -3.88051
7.6 -3.68771
7.7 -3.94271
7.8 -4.85761
7.9 -5.75551
8 -6.20001
8.1 -6.35231
8.2 -6.42691
8.3 -6.12081
8.4 -5.34611
8.5 -4.18231
8.6 -2.51886
8.7 -0.279823
8.8 2.26548
8.9 4.63269
9 6.58929
9.1 8.30279
9.2 9.86659
9.3 11.2613
9.4 12.6871
9.5 13.9834
9.6 14.3854
9.7 13.1796
9.8 10.151
9.9 6.66499
10 3.93589
10.1 2.09929
10.2 0.734287
10.3 -0.444313
10.4 -1.31331
10.5 -1.54581
10.6 -1.10101
10.7 -0.377113
10.8 0.196386
10.9 0.574787
11 0.742756
11.1 0.864748
11.2 0.856907
11.3 0.390913
11.4 -0.687122
11.5 -2.22091
11.6 -3.51791
11.7 -4.28191
11.8 -4.84251
11.9 -5.61181
12 -6.45561
12.1 -7.20531
12.2 -7.97841
12.3 -8.77151
12.4 -9.45851
12.5 -9.76151
12.6 -9.58441
12.7 -9.00271
12.8 -7.94601
12.9 -6.69821
13 -5.70061
13.1 -4.82091
13.2 -3.71361
13.3 -2.80491
13.4 -2.35441
13.5 -1.90631
13.6 -1.31871
13.7 -0.483513
13.8 0.328987
13.9 0.646788
14 1.05879
14.1 2.58939
14.2 5.19489
14.3 8.05128
14.4 10.9455
14.5 14.1666
14.6 16.757
14.7 17.5145
14.8 17.0545
14.9 15.907
15 14.396
15.1 12.5593
15.2 10.4806
15.3 8.31489
15.4 6.04029
15.5 3.79478
15.6 1.81869
15.7 0.187187
15.8 -1.12801
15.9 -2.28692
16 -3.46555
16.1 -4.83621
16.2 -6.20141
16.3 -6.95131
16.4 -7.04971
16.5 -6.77871
16.6 -6.59801
16.7 -6.95101
16.8 -7.88031
16.9 -8.88901
17 -9.38601
17.1 -9.27251
17.2 -8.80631
17.3 -8.25981
17.4 -7.98241
17.5 -7.92861
17.6 -7.74081
17.7 -6.91561
17.8 -5.26481
17.9 -2.95711
18 -0.0937119
18.1 2.61518
18.2 4.44049
18.3 5.46376
18.4 5.97839
18.5 6.06639
18.6 5.86479
18.7 5.30789
18.8 4.43449
18.9 3.59978
19 3.20579
19.1 3.38329
19.2 3.82479
19.3 4.21799
19.4 4.43559
19.5 4.35128
19.6 3.75429
19.7 2.66659
19.8 0.835287
19.9 -1.45835
20 -3.20019
20.1 -4.13873
20.2 -4.55866
20.3 -4.69518
20.4 -4.53166
20.5 -3.66477
20.6 -1.97146
20.7 0.130426
20.8 2.17908
20.9 4.04108
21 9.93599
21.1 7.29059
21.2 8.94149
21.3 9.91249
21.4 9.02309
21.5 6.72309
21.6 4.07109
21.7 1.48169
21.8 -0.824402
21.9 -2.59378
22 -3.84891
22.1 -4.80331
22.2 -5.41511
22.3 -5.72581
22.4 -5.79061
22.5 -5.63981
22.6 -5.26051
22.7 -4.49021
22.8 -3.70941
22.9 -3.20891
23 -2.76581
23.1 -2.19691
23.2 -1.96981
23.3 -2.20531
23.4 -2.62821
23.5 -2.93861
23.6 -2.79521
23.7 -2.09191
23.8 -1.28181
23.9 -0.583384
24 0.330828
24.1 1.47974
24.2 2.54625
24.3 3.39922
24.4 3.77434
24.5 3.53751
24.6 2.88237
24.7 1.85311
24.8 0.562576
24.9 -0.704172
25 -1.46944
25.1 -1.60267
25.2 -1.45459
25.3 -0.878193
25.4 0.106565
25.5 0.795807
25.6 1.09696
25.7 1.22647
25.8 1.24669
25.9 0.958088
26 0.221087
26.1 -0.468212
26.2 -0.766912
26.3 -0.709713
26.4 -0.259912
26.5 0.309786
26.6 0.625486
26.7 0.831987
26.8 1.03949
26.9 1.05979
27 1.05399
27.1 1.53159
27.2 2.24889
27.3 2.70499
27.4 2.91139
27.5 3.29389
27.6 3.73859
27.7 3.63349
27.8 2.89579
27.9 2.00749
28 1.02941
28.1 0.197557
28.2 0.138126
28.3 0.165417
28.4 -0.400333
28.5 -1.17023
28.6 -1.77493
28.7 -2.16311
28.8 -2.44521
28.9 -2.57531
29 -2.32891
29.1 -1.92331
29.2 -1.71391
29.3 -1.51401
29.4 -1.48781
29.5 -1.66481
29.6 -1.94401
29.7 -2.06971
29.8 -1.79791
29.9 -1.79171
30 -2.54861
30.1 -3.48871
30.2 -4.07111
30.3 -4.50331
30.4 -4.91601
30.5 -5.47861
30.6 -5.97671
30.7 -6.06891
30.8 -5.64051
30.9 -4.77221
31 -3.51531
31.1 -1.85421
31.2 -0.119373
31.3 1.07688
31.4 2.26446
31.5 4.05389
31.6 5.75449
31.7 6.34099
31.8 6.24319
31.9 6.26129
32 6.28119
32.1 6.26559
32.2 6.34359
32.3 6.37009
32.4 6.51768
32.5 7.04359
32.6 7.57799
32.7 7.51028
32.8 6.90689
32.9 6.18938
33 5.38529
33.1 4.52658
33.2 3.38729
33.3 2.05128
33.4 0.413588
33.5 -1.64789
33.6 -4.16011
33.7 -6.30941
33.8 -7.57621
33.9 -8.50901
34 -9.52781
34.1 -10.592
34.2 -11.5463
34.3 -12.1239
34.4 -11.9902
34.5 -10.8016
34.6 -8.82331
34.7 -6.35571
34.8 -3.68061
34.9 -0.967113
35 1.50333
35.1 3.68737
35.2 5.63219
35.3 7.48549
35.4 9.07648
35.5 9.15569
35.6 8.14759
35.7 7.36238
35.8 6.93489
35.9 6.44289
36 5.61229
36.1 4.62059
36.2 3.69498
36.3 2.32189
36.4 0.279387
36.5 -1.52527
36.6 -2.85517
36.7 -3.78513
36.8 -4.32211
36.9 -4.46251
37 -4.10031
37.1 -3.63161
37.2 -3.59251
37.3 -4.13501
37.4 -5.21421
37.5 -6.30191
37.6 -6.79581
37.7 -6.53461
37.8 -5.66911
37.9 -3.92491
38 -1.40227
38.1 1.64222
38.2 5.05339
38.3 8.00539
38.4 10.2197
38.5 11.2693
38.6 10.5339
38.7 8.95869
38.8 7.38189
38.9 5.61119
39 3.25829
39.1 0.774286
39.2 -1.20902
39.3 -2.63795
39.4 -3.49691
39.5 -3.93831
39.6 -4.21441
39.7 -4.40751
39.8 -4.40061
39.9 -4.15451
40 -3.80081
40.1 -3.01273
40.2 -1.71598
40.3 -0.43368
40.4 0.370077
40.5 0.859167
40.6 1.22549
40.7 1.3095
40.8 1.16833
40.9 1.03013
41 0.945118
41.1 0.747976
41.2 0.914846
41.3 1.73954
41.4 2.6299
41.5 2.68169
41.6 1.99869
41.7 1.54118
41.8 1.31481
41.9 0.757267
42 -0.135483
42.1 -1.26731
42.2 -2.46001
42.3 -3.26611
42.4 -3.41931
42.5 -3.00071
42.6 -2.11881
42.7 -1.33421
42.8 -1.03341
42.9 -1.24891
43 -1.77641
43.1 -2.27151
43.2 -2.62461
43.3 -2.89665
43.4 -2.93943
43.5 -2.47623
43.6 -1.49083
43.7 -0.16651
43.8 0.747578
43.9 1.10517
44 1.41848
44.1 2.12043
44.2 3.08916
44.3 3.27622
44.4 2.24612
44.5 0.627317
44.6 -0.879452
44.7 -1.80366
44.8 -2.02704
44.9 -1.35761
45 -0.0199127
45.1 1.11779
45.2 2.02259
45.3 3.45068
45.4 4.75069
45.5 4.88609
45.6 4.03218
45.7 2.88909
45.8 2.15429
45.9 1.75339
46 1.53699
46.1 1.52659
46.2 1.55579
46.3 1.48295
46.4 0.931128
46.5 -0.243385
46.6 -1.61693
46.7 -2.65248
46.8 -3.48461
46.9 -4.11521
47 -4.28771
47.1 -4.03571
47.2 -3.53021
47.3 -2.65081
47.4 -1.80371
47.5 -1.33181
47.6 -0.905012
47.7 -0.181984
47.8 0.766277
47.9 1.12466
48 0.645348
48.1 0.135357
48.2 -0.0872326
48.3 -0.474712
48.4 -1.19521
48.5 -1.92921
48.6 -2.51071
48.7 -2.60651
48.8 -2.12111
48.9 -1.58201
49 -1.48241
49.1 -1.64571
49.2 -1.47707
49.3 -0.932093
49.4 -0.173014
49.5 0.600668
49.6 1.16416
49.7 1.65998
49.8 1.99771
49.9 2.18785
50 2.3799
50.1 1.95578
50.2 0.988287
50.3 -0.137564
50.4 -1.09007
50.5 -1.53639
50.6 -1.60672
50.7 -1.60902
50.8 -1.48131
50.9 -0.950323
51 0.0491467
51.1 0.895597
51.2 1.04359
51.3 1.19409
51.4 1.83729
51.5 2.75919
51.6 3.66389
51.7 4.52919
51.8 5.66039
51.9 6.44339
52 6.00059
52.1 4.84249
52.2 3.54478
52.3 2.25978
52.4 1.26239
52.5 0.813587
52.6 0.819187
52.7 0.887587
52.8 0.873388
52.9 0.952538
53 1.15475
53.1 1.11199
53.2 0.451187
53.3 -0.259714
53.4 -1.43771
53.5 -4.26931
53.6 -7.87661
53.7 -10.7564
53.8 -12.7514
53.9 -14.1388
54 -14.8521
54.1 -14.7617
54.2 -13.7962
54.3 -11.9779
54.4 -9.39941
54.5 -6.29891
54.6 -2.84021
54.7 0.549686
54.8 3.27414
54.9 5.10699
55 6.08229
55.1 6.22459
55.2 6.45029
55.3 6.97739
55.4 7.55699
55.5 7.96619
55.6 8.13839
55.7 8.34469
55.8 8.76059
55.9 8.98299
56 8.84059
56.1 8.51779
56.2 8.30169
56.3 8.40129
56.4 8.84109
56.5 9.34149
56.6 9.38449
56.7 8.59479
56.8 7.17269
56.9 5.52909
57 3.85439
57.1 1.59713
57.2 -2.09691
57.3 -5.95481
57.4 -8.71281
57.5 -10.5341
57.6 -11.9381
57.7 -13.1407
57.8 -13.7833
57.9 -13.6475
58 -12.9221
58.1 -11.7161
58.2 -10.2065
58.3 -8.61771
58.4 -7.04281
58.5 -5.38501
58.6 -3.82851
58.7 -2.69391
58.8 -1.58961
58.9 -0.139713
59 1.38831
59.1 2.83758
59.2 3.99445
59.3 4.37218
59.4 4.20309
59.5 4.03588
59.6 4.10449
59.7 4.53839
59.8 5.20269
59.9 5.85339
60 6.07959
60.1 5.63419
60.2 4.84069
60.3 4.18079
60.4 3.79789
60.5 3.38949
60.6 2.69118
60.7 1.79429
60.8 0.775087
60.9 -0.0565128
61 -0.655203
61.1 -1.16279
61.2 -1.68793
61.3 -2.23503
61.4 -2.81669
61.5 -3.20932
61.6 -3.16116
61.7 -2.57951
61.8 -1.54207
61.9 0.0556469
62 2.17459
62.1 4.27079
62.2 5.79509
62.3 6.36499
62.4 5.51939
62.5 3.65372
62.6 1.56048
62.7 -0.567923
62.8 -2.48205
62.9 -3.72501
63 -4.36071
63.1 -4.76991
63.2 -4.86401
63.3 -4.62461
63.4 -4.17881
63.5 -3.41911
63.6 -2.53611
63.7 -2.14431
63.8 -2.16981
63.9 -2.12311
64 -1.91611
64.1 -1.54421
64.2 -1.11006
64.3 -0.599823
64.4 0.184036
64.5 0.88744
64.6 1.19538
64.7 1.19791
64.8 1.14643
64.9 1.08948
65 1.05566
65.1 0.726887
65.2 -0.318314
65.3 -1.57891
65.4 -2.46391
65.5 -3.01851
65.6 -3.35471
65.7 -3.48361
65.8 -3.05677
65.9 -1.93313
66 -0.293173
66.1 2.00459
66.2 4.60728
66.3 6.17189
66.4 6.03549
66.5 5.05598
66.6 3.99149
66.7 2.95008
66.8 2.04879
66.9 1.34359
67 1.04139
67.1 1.23649
67.2 1.64389
67.3 1.97139
67.4 2.05159
67.5 2.05699
67.6 1.95629
67.7 1.48079
67.8 0.633127
67.9 -0.223763
68 -0.846869
68.1 -1.40267
68.2 -1.84264
68.3 -2.06476
68.4 -2.13361
68.5 -2.11111
68.6 -1.90431
68.7 -1.66071
68.8 -1.54171
68.9 -1.66591
69 -2.14671
69.1 -3.18371
69.2 -4.62841
69.3 -5.80321
69.4 -6.25061
69.5 -6.15121
69.6 -5.85551
69.7 -5.15691
69.8 -4.01101
69.9 -2.19951
70 0.404102
70.1 3.39684
70.2 5.73129
70.3 6.54288
70.4 6.68079
70.5 6.90769
70.6 7.35909
70.7 8.02159
70.8 8.68649
70.9 8.82649
71 8.22469
71.1 7.28448
71.2 5.91978
71.3 3.83389
71.4 1.65419
71.5 -0.320692
71.6 -2.28082
71.7 -4.15011
71.8 -5.97201
71.9 -7.79111
72 -9.29246
72.1 -9.88041
72.2 -9.57046
72.3 -9.24081
72.4 -9.22081
72.5 -8.81561
72.6 -7.62631
72.7 -5.91831
72.8 -3.93551
72.9 -1.85301
73 0.115347
73.1 1.7905
73.2 3.34089
73.3 4.87929
73.4 6.39799
73.5 8.04679
73.6 9.94229
73.7 11.0618
73.8 10.8443
73.9 10.1027
74 9.00698
74.1 7.54288
74.2 6.33519
74.3 5.25539
74.4 3.69659
74.5 1.93989
74.6 0.444366
74.7 -0.868103
74.8 -2.55521
74.9 -4.66151
75 -6.57531
75.1 -8.20551
75.2 -9.79446
75.3 -10.5384
75.4 -10.004
75.5 -8.80611
75.6 -7.15201
75.7 -5.17221
75.8 -3.41321
75.9 -2.05981
76 -0.865213
76.1 0.357187
76.2 1.35814
76.3 1.68398
76.4 1.71261
76.5 2.0536
76.6 2.64788
76.7 3.11089
76.8 2.97248
76.9 2.70569
77 2.83959
77.1 3.14799
77.2 3.37489
77.3 3.54129
77.4 3.42559
77.5 3.22668
77.6 3.18109
77.7 2.86789
77.8 2.24399
77.9 1.39369
78 0.531187
78.1 0.0248871
78.2 -0.430733
78.3 -0.911234
78.4 -1.12208
78.5 -1.16338
78.6 -0.942593
78.7 -0.684664
78.8 -0.748293
78.9 -0.923782
79 -0.789213
79.1 -0.579103
79.2 -0.621929
79.3 -0.783638
79.4 -1.11328
79.5 -1.46478
79.6 -1.38919
79.7 -0.825434
79.8 -0.187012
79.9 0.266607
80 0.433487
80.1 0.330587
80.2 -0.272512
80.3 -1.15221
80.4 -1.82651
80.5 -1.82091
80.6 -1.61941
80.7 -2.02031
80.8 -2.73411
80.9 -3.21441
81 -3.52511
81.1 -3.70651
81.2 -3.59591
81.3 -3.42091
81.4 -3.04111
81.5 -2.43901
81.6 -2.09301
81.7 -2.16781
81.8 -2.24012
81.9 -1.91651
82 -1.17803
82.1 0.111887
82.2 2.27139
82.3 5.13429
82.4 7.36008
82.5 8.26989
82.6 7.88058
82.7 6.56179
82.8 5.44799
82.9 4.82289
83 4.30989
83.1 3.67809
83.2 3.07458
83.3 2.70299
83.4 2.67818
83.5 2.86568
83.6 3.26229
83.7 3.43899
83.8 2.95489
83.9 2.21229
84 1.42789
84.1 0.692488
84.2 0.0930862
84.3 -0.128412
84.4 0.255676
84.5 1.02209
84.6 1.6054
84.7 1.3536
84.8 0.0806866
84.9 -1.57731
85 -3.13001
85.1 -4.75021
85.2 -6.32621
85.3 -7.64721
85.4 -9.00281
85.5 -10.6859
85.6 -12.6806
85.7 -14.4136
85.8 -15.2323
85.9 -15.0904
86 -14.0461
86.1 -12.3842
86.2 -10.3111
86.3 -7.59071
86.4 -4.06251
86.5 -0.181913
86.6 3.52671
86.7 6.82619
86.8 9.67479
86.9 11.8534
87 13.3296
87.1 14.2839
87.2 14.9985
87.3 15.1393
87.4 14.6333
87.5 13.5406
87.6 12.1291
87.7 10.6228
87.8 9.09039
87.9 7.32929
88 5.06979
88.1 2.89919
88.2 1.49879
88.3 0.718987
88.4 0.316887
88.5 0.366987
88.6 0.567987
88.7 0.590586
88.8 0.172136
88.9 -0.679493
89 -1.64635
89.1 -2.56501
89.2 -3.41181
89.3 -4.47361
89.4 -5.52191
89.5 -6.33671
89.6 -6.77861
89.7 -7.15781
89.8 -8.00411
89.9 -8.87331
90 -9.04251
90.1 -8.81101
90.2 -8.41501
90.3 -7.74561
90.4 -6.70171
90.5 -5.39041
90.6 -3.91281
90.7 -2.19281
90.8 -0.387012
90.9 1.44339
91 3.47625
91.1 5.03839
91.2 5.82779
91.3 6.38549
91.4 6.86309
91.5 7.34439
91.6 7.77518
91.7 7.51728
91.8 6.27849
91.9 4.35499
92 1.98519
92.1 -0.536013
92.2 -2.6131
92.3 -3.71099
92.4 -4.07011
92.5 -4.27522
92.6 -4.42466
92.7 -4.18461
92.8 -3.35285
92.9 -1.94827
93 -0.255613
93.1 1.45719
93.2 3.18369
93.3 4.65699
93.4 5.71909
93.5 6.34359
93.6 6.51989
93.7 6.01309
93.8 4.79429
93.9 3.28789
94 2.05048
94.1 1.35069
94.2 0.879387
94.3 0.509127
94.4 0.456306
94.5 0.172586
94.6 -0.841713
94.7 -2.34421
94.8 -4.13041
94.9 -5.90011
95 -6.98631
95.1 -7.32541
95.2 -7.07571
95.3 -6.65851
95.4 -6.56351
95.5 -6.58711
95.6 -5.94891
95.7 -4.72831
95.8 -3.33361
95.9 -1.88271
96 -0.127174
96.1 1.91857
96.2 3.76139
96.3 5.08828
96.4 5.43999
96.5 5.14519
96.6 5.08789
96.7 5.21289
96.8 5.31279
96.9 5.47739
97 5.47319
97.1 5.03529
97.2 4.03949
97.3 3.19349
97.4 2.62849
97.5 1.41701
97.6 -0.583223
97.7 -2.40309
97.8 -3.62284
97.9 -4.37751
98 -4.52331
98.1 -4.08171
98.2 -3.33401
98.3 -2.37741
98.4 -1.64581
98.5 -1.30375
98.6 -1.15128
98.7 -1.28086
98.8 -1.32642
98.9 -0.741961
99 0.420443
99.1 1.79943
99.2 2.57137
99.3 2.23594
99.4 1.08953
99.5 -0.322224
99.6 -1.63736
99.7 -2.44531
99.8 -2.48461
99.9 -2.14421
100 -1.85551
100.1 -1.54271
100.2 -1.31401
100.3 -1.54651
100.4 -1.75221
100.5 -1.58151
100.6 -1.35441
100.7 -1.31191
100.8 -1.70201
100.9 -2.42961
101 -2.82521
101.1 -2.61097
101.2 -1.87363
101.3 -0.889772
101.4 0.0251274
101.5 1.23839
101.6 2.72329
101.7 3.93909
101.8 5.13949
101.9 6.07838
102 5.97079
102.1 5.44659
102.2 4.86099
102.3 4.18079
102.4 3.68098
102.5 3.50508
102.6 3.39379
102.7 2.93978
102.8 2.19609
102.9 1.73049
103 1.75799
103.1 1.97839
103.2 1.97609
103.3 1.61999
103.4 1.14433
103.5 0.643948
103.6 -0.241693
103.7 -1.60971
103.8 -3.18571
103.9 -5.13001
104 -7.08731
104.1 -8.22911
104.2 -8.71991
104.3 -9.03831
104.4 -9.23251
104.5 -9.02621
104.6 -8.08001
104.7 -6.52141
104.8 -4.96971
104.9 -3.91021
105 -3.16551
105.1 -2.34621
105.2 -1.63281
105.3 -1.04831
105.4 -0.536112
105.5 0.120817
105.6 1.18399
105.7 2.43357
105.8 3.56101
105.9 4.40329
106 4.03918
106.1 2.48099
106.2 1.36099
106.3 1.35249
106.4 2.14379
106.5 3.38049
106.6 4.47459
106.7 4.96799
106.8 5.23809
106.9 5.43429
107 5.62099
107.1 6.09138
107.2 6.92669
107.3 8.49979
107.4 10.5326
107.5 11.8184
107.6 11.399
107.7 10.1113
107.8 8.34409
107.9 5.61049
108 2.54519
108.1 -0.583794
108.2 -3.48251
108.3 -5.99761
108.4 -8.02851
108.5 -9.49861
108.6 -10.6903
108.7 -11.8868
108.8 -12.7945
108.9 -13.0951
109 -12.8494
109.1 -12.1722
109.2 -11.0676
109.3 -9.46501
109.4 -7.56981
109.5 -6.01961
109.6 -4.76441
109.7 -3.29711
109.8 -1.85201
109.9 -0.755213
110 -0.0981121
110.1 0.542048
110.2 1.40678
110.3 2.64989
110.4 4.45959
110.5 6.49419
110.6 8.40379
110.7 9.63539
110.8 9.46688
110.9 8.13139
111 6.34329
111.1 4.59429
111.2 3.01509
111.3 1.75189
111.4 0.961187
111.5 0.559887
111.6 0.487787
111.7 0.644287
111.8 1.01949
111.9 1.42709
112 1.39099
112.1 1.11349
112.2 1.21719
112.3 1.66509
112.4 2.25899
112.5 2.67299
112.6 2.46299
112.7 1.74609
112.8 1.03489
112.9 0.615986
113 0.627087
113.1 0.982786
113.2 1.5504
113.3 2.19545
113.4 2.65631
113.5 2.14165
113.6 0.595987
113.7 -1.17611
113.8 -3.09131
113.9 -4.98801
114 -6.52631
114.1 -7.57521
114.2 -8.30421
114.3 -8.64581
114.4 -8.38261
114.5 -7.68301
114.6 -6.94441
114.7 -5.95951
114.8 -4.58951
114.9 -3.32771
115 -2.43841
115.1 -1.36861
115.2 -0.181112
115.3 0.461946
115.4 0.694548
115.5 0.918386
115.6 1.36009
115.7 2.07659
115.8 3.24899
115.9 4.54789
116 5.35569
116.1 5.21019
116.2 4.65269
116.3 3.91589
116.4 2.60269
116.5 0.735786
116.6 -1.12727
116.7 -2.38741
116.8 -2.71274
116.9 -1.92818
117 -0.465612
117.1 0.801388
117.2 1.88839
117.3 2.85479
117.4 3.55939
117.5 4.08879
117.6 4.29519
117.7 4.01028
117.8 3.36609
117.9 2.73938
118 2.44459
118.1 2.73619
118.2 3.62019
118.3 4.30688
118.4 4.08139
118.5 2.93059
118.6 1.27847
118.7 -0.503527
118.8 -2.05858
118.9 -2.97211
119 -3.60721
119.1 -4.23151
119.2 -4.60641
119.3 -4.56261
119.4 -4.04951
119.5 -3.53531
119.6 -3.38951
119.7 -3.15511
119.8 -2.46281
119.9 -1.42231
120 -0.523413
120.1 -0.0845127
120.2 -0.102715
120.3 -0.722612
120.4 -2.06991
120.5 -3.99431
120.6 -5.58031
120.7 -6.28581
120.8 -6.10691
120.9 -5.26191
121 -3.97501
121.1 -2.37751
121.2 -0.452972
121.3 1.45722
121.4 3.15413
121.5 4.54109
121.6 5.07589
121.7 4.94799
121.8 4.49348
121.9 3.99529
122 3.20879
122.1 1.78179
122.2 0.242687
122.3 -0.685013
122.4 -1.05256
122.5 -1.23934
122.6 -1.53241
122.7 -1.86855
122.8 -1.92968
122.9 -1.40154
123 -0.186213
123.1 1.49149
123.2 3.55368
123.3 5.70149
123.4 6.98489
123.5 6.39278
123.6 4.32038
123.7 2.47198
123.8 1.24629
123.9 0.405087
124 -0.0830135
124.1 -0.374012
124.2 -0.328714
124.3 0.086586
124.4 0.613386
124.5 1.05209
124.6 1.37259
124.7 1.69849
124.8 2.00359
124.9 2.18497
125 2.22055
125.1 1.30575
125.2 -0.647543
125.3 -2.21871
125.4 -3.15091
125.5 -4.04561
125.6 -5.23991
125.7 -6.52551
125.8 -7.31721
125.9 -7.40371
126 -7.08261
126.1 -6.30081
126.2 -5.05421
126.3 -3.87471
126.4 -2.87011
126.5 -1.64681
126.6 -0.213612
126.7 1.07419
126.8 1.70524
126.9 1.51886
127 0.967428
127.1 0.243877
127.2 -0.242273
127.3 -0.504074
127.4 -0.838903
127.5 -1.05532
127.6 -0.710293
127.7 -0.109943
127.8 0.513788
127.9 1.41849
128 2.60299
128.1 3.86899
128.2 4.93229
128.3 5.73098
128.4 6.37509
128.5 6.66449
128.6 6.47179
128.7 5.56808
128.8 4.37069
128.9 3.31719
129 2.70339
129.1 2.19269
129.2 1.30869
129.3 0.152586
129.4 -0.669664
129.5 -1.09516
129.6 -1.59284
129.7 -1.95459
129.8 -2.07661
129.9 -2.07091
130 -2.60341
130.1 -4.13421
130.2 -5.61821
130.3 -6.19241
130.4 -6.02321
130.5 -5.28831
130.6 -3.97921
130.7 -2.48071
130.8 -1.55551
130.9 -1.47101
131 -1.60121
131.1 -1.47971
131.2 -1.17427
131.3 -0.597643
131.4 0.156433
131.5 0.748337
131.6 1.28809
131.7 2.09129
131.8 3.39499
131.9 4.94529
132 6.27748
132.1 6.85189
132.2 6.36329
132.3 5.34698
132.4 4.43479
132.5 3.72799
132.6 3.12379
132.7 2.28609
132.8 0.729286
132.9 -1.42851
133 -3.72681
133.1 -6.02941
133.2 -8.17641
133.3 -9.73491
133.4 -10.4955
133.5 -10.7306
133.6 -10.5665
133.7 -9.84356
133.8 -8.42371
133.9 -6.61931
134 -4.78491
134.1 -3.25291
134.2 -1.64435
134.3 0.650887
134.4 3.35159
134.5 5.77349
134.6 7.81889
134.7 9.78239
134.8 11.4921
134.9 12.5009
135 12.8934
135.1 12.6909
135.2 11.8098
135.3 10.4314
135.4 8.69839
135.5 7.04829
135.6 5.73769
135.7 4.27299
135.8 2.32659
135.9 0.259989
136 -1.50991
136.1 -3.01254
136.2 -4.13451
136.3 -4.79741
136.4 -5.33081
136.5 -5.96761
136.6 -6.59011
136.7 -7.03571
136.8 -7.45551
136.9 -7.86051
137 -7.94521
137.1 -7.51071
137.2 -6.73651
137.3 -5.85971
137.4 -4.80171
137.5 -3.36461
137.6 -2.02801
137.7 -1.19491
137.8 -0.755213
137.9 -0.541012
138 -0.314312
138.1 -0.559612
138.2 -1.85431
138.3 -3.25031
138.4 -3.70501
138.5 -3.47511
138.6 -2.80061
138.7 -1.4761
138.8 0.326458
138.9 2.17819
139 3.94358
139.1 5.76958
139.2 7.45269
139.3 8.53249
139.4 8.98639
139.5 8.52209
139.6 7.10459
139.7 5.68529
139.8 5.05429
139.9 5.12809
140 5.15679
140.1 4.94129
140.2 4.94009
140.3 5.02479
140.4 4.47789
140.5 3.24499
140.6 2.02799
140.7 1.07079
140.8 -0.0600433
140.9 -1.65577
141 -3.19811
141.1 -4.57401
141.2 -5.88361
141.3 -6.97421
141.4 -7.71031
141.5 -8.13601
141.6 -8.23231
141.7 -7.95551
141.8 -7.18091
141.9 -5.67671
142 -3.72521
142.1 -1.84201
142.2 -0.270912
142.3 -0.151911
142.4 -1.50981
142.5 -2.67971
142.6 -3.11461
142.7 -3.28351
142.8 -3.17821
142.9 -2.69391
143 -2.00461
143.1 -1.1495
143.2 -0.264868
143.3 0.776358
143.4 2.05579
143.5 3.79898
143.6 5.98669
143.7 7.71978
143.8 8.44299
143.9 8.16039
144 7.40559
144.1 6.49398
144.2 5.39009
144.3 4.34249
144.4 3.60469
144.5 2.98759
144.6 2.25029
144.7 1.60229
144.8 1.31349
144.9 1.29349
145 1.17829
145.1 0.768686
145.2 0.290918
145.3 -0.251022
145.4 -1.05435
145.5 -1.92601
145.6 -2.38151
145.7 -2.40731
145.8 -3.35561
145.9 -5.89031
146 -8.38951
146.1 -10.3167
146.2 -11.8124
146.3 -12.3747
146.4 -11.6794
146.5 -10.236
146.6 -8.23171
146.7 -5.89011
146.8 -3.58981
146.9 -1.51271
147 0.333906
147.1 2.0267
147.2 3.74609
147.3 5.75238
147.4 8.13679
147.5 10.5596
147.6 12.5653
147.7 14.0083
147.8 14.9231
147.9 15.2208
148 14.7251
148.1 12.9983
148.2 10.5737
148.3 8.17469
148.4 5.96539
148.5 3.74039
148.6 1.63299
148.7 0.0412884
148.8 -1.20269
148.9 -2.31464
149 -3.41441
149.1 -4.58551
149.2 -5.88341
149.3 -7.67951
149.4 -9.85931
149.5 -12.1003
149.6 -14.0796
149.7 -15.4357
149.8 -16.0813
149.9 -15.9419
150 -14.9249
150.1 -12.9319
150.2 -10.2408
150.3 -6.81191
150.4 -2.30621
150.5 2.77726
150.6 7.85939
150.7 12.3189
150.8 14.6637
150.9 15.6574
151 16.3422
151.1 15.9747
151.2 14.017
151.3 11.6694
151.4 9.34048
151.5 6.73349
151.6 3.90549
151.7 1.31599
151.8 -0.850513
151.9 -2.48278
152 -3.37283
152.1 -3.89199
152.2 -4.46441
152.3 -4.94881
152.4 -5.01771
152.5 -4.68671
152.6 -4.10151
152.7 -3.54891
152.8 -2.97961
152.9 -2.01422
153 -0.739723
153.1 0.492393
153.2 1.32975
153.3 1.96416
153.4 2.70109
153.5 3.62859
153.6 4.41409
153.7 4.61829
153.8 4.43119
153.9 3.97409
154 3.34879
154.1 2.92078
154.2 2.46659
154.3 1.76703
154.4 0.880997
154.5 -0.354534
154.6 -1.80151
154.7 -2.98261
154.8 -3.54741
154.9 -3.56001
155 -3.46351
155.1 -3.31781
155.2 -2.92571
155.3 -2.47511
155.4 -1.94175
155.5 -0.873503
155.6 0.653036
155.7 1.68476
155.8 1.72356
155.9 1.38888
156 0.762297
156.1 -0.236362
156.2 -1.53109
156.3 -2.69541
156.4 -3.30591
156.5 -3.37161
156.6 -2.92251
156.7 -1.79871
156.8 -0.720013
156.9 -0.140614
157 0.270998
157.1 0.461908
157.2 0.428947
157.3 0.538767
157.4 0.995836
157.5 1.53016
157.6 2.00022
157.7 2.12209
157.8 1.93619
157.9 1.87119
158 1.90859
158.1 1.80639
158.2 1.66759
158.3 1.52369
158.4 1.12779
158.5 0.755787
158.6 0.684887
158.7 0.800488
158.8 0.837187
158.9 0.542587
159 0.293987
159.1 0.531187
159.2 1.15129
159.3 1.74229
159.4 1.98079
159.5 1.90899
159.6 1.61524
159.7 1.14572
159.8 0.583637
159.9 -0.176464
160 -1.1372
160.1 -1.99301
160.2 -2.79581
160.3 -3.79851
160.4 -4.68621
160.5 -5.15041
160.6 -5.18211
160.7 -4.43771
160.8 -2.89471
160.9 -0.964113
161 1.2086
161.1 2.93195
161.2 3.0745
161.3 2.13823
161.4 1.34654
161.5 1.16363
161.6 1.13326
161.7 0.832127
161.8 0.269232
161.9 -0.399963
162 -1.02044
162.1 -1.47769
162.2 -1.77028
162.3 -1.80162
162.4 -1.47826
162.5 -0.739693
162.6 0.137636
162.7 0.677147
162.8 0.963388
162.9 1.55689
163 2.52349
163.1 3.44839
163.2 3.92799
163.3 3.79829
163.4 2.95919
163.5 1.71589
163.6 0.606318
163.7 -0.492662
163.8 -1.69943
163.9 -2.4531
164 -2.36111
164.1 -2.22891
164.2 -2.53111
164.3 -3.05721
164.4 -3.14121
164.5 -2.45855
164.6 -1.27929
164.7 0.247936
164.8 1.62279
164.9 2.06916
165 1.5506
165.1 0.957478
165.2 0.859919
165.3 0.892385
165.4 0.540367
165.5 -0.442663
165.6 -1.80277
165.7 -2.52545
165.8 -2.40465
165.9 -2.12584
166 -1.83222
166.1 -1.01815
166.2 0.317797
166.3 1.4507
166.4 2.13948
166.5 2.57748
166.6 3.23749
166.7 4.14838
166.8 4.88158
166.9 5.09719
167 4.95169
167.1 4.55399
167.2 3.18109
167.3 0.541677
167.4 -1.96184
167.5 -3.5881
167.6 -4.51531
167.7 -4.76471
167.8 -4.43961
167.9 -3.70811
168 -2.79271
168.1 -1.96141
168.2 -1.57611
168.3 -1.54431
168.4 -1.60711
168.5 -1.98851
168.6 -2.55421
168.7 -2.91601
168.8 -3.02131
168.9 -3.07201
169 -2.84761
169.1 -2.26981
169.2 -1.60341
169.3 -0.764313
169.4 0.216217
169.5 0.724947
169.6 0.724607
169.7 0.834997
169.8 1.03993
169.9 1.20649
170 1.90809
170.1 3.15179
170.2 4.10419
170.3 4.26049
170.4 3.78489
170.5 2.98399
170.6 2.22959
170.7 1.82079
170.8 2.04549
170.9 3.18428
171 4.84749
171.1 5.65769
171.2 4.98748
171.3 3.22169
171.4 1.38579
171.5 0.192787
171.6 -0.244112
171.7 -0.381773
171.8 -0.736544
171.9 -1.29646
172 -1.95798
172.1 -2.68918
172.2 -3.37241
172.3 -3.89341
172.4 -3.95441
172.5 -3.62211
172.6 -3.28381
172.7 -3.03721
172.8 -2.87421
172.9 -2.77541
173 -2.88901
173.1 -3.21071
173.2 -3.10941
173.3 -2.32701
173.4 -1.46001
173.5 -0.682913
173.6 0.224787
173.7 1.20832
173.8 1.79664
173.9 1.98323
174 2.1782
174.1 2.32407
174.2 1.97048
174.3 1.22084
174.4 0.578337
174.5 0.0719471
174.6 -0.684242
174.7 -1.52262
174.8 -1.97262
174.9 -2.15485
175 -2.40362
175.1 -2.52188
175.2 -2.37263
175.3 -2.06185
175.4 -1.2989
175.5 -0.354361
175.6 -0.385193
175.7 -0.698313
175.8 -0.359314
175.9 0.328886
176 1.23029
176.1 2.73829
176.2 4.91699
176.3 7.30679
176.4 9.37389
176.5 10.893
176.6 11.1458
176.7 9.59608
176.8 7.15739
176.9 4.80529
177 2.63119
177.1 0.691887
177.2 -0.702723
177.3 -1.71236
177.4 -3.15651
177.5 -4.87791
177.6 -6.13081
177.7 -6.72011
177.8 -6.91801
177.9 -6.93061
178 -6.59791
178.1 -5.82291
178.2 -5.06431
178.3 -4.33991
178.4 -3.32811
178.5 -2.30871
178.6 -1.84931
178.7 -1.56201
178.8 -0.946463
178.9 -0.263933
179 0.322357
179.1 0.825336
179.2 1.15558
179.3 1.31705
179.4 1.41877
179.5 1.41516
179.6 1.23978
179.7 0.882086
179.8 0.578037
179.9 0.392725
180 0.267588
180.1 0.360588
180.2 0.419878
180.3 0.0968933
180.4 -0.254892
180.5 -0.199833
180.6 0.00653648
180.7 0.400297
180.8 1.22549
180.9 1.99459
181 1.99114
181.1 1.04018
181.2 -0.0496426
181.3 -0.986485
181.4 -1.7761
181.5 -2.54015
181.6 -3.20359
181.7 -3.36778
181.8 -2.99382
181.9 -2.38311
182 -1.47062
182.1 0.0265865
182.2 1.69909
182.3 3.23539
182.4 5.02048
182.5 6.56129
182.6 6.65948
182.7 5.34489
182.8 3.78049
182.9 2.74649
183 1.97259
183.1 0.777456
183.2 -0.778923
183.3 -2.08565
183.4 -2.75226
183.5 -2.53421
183.6 -1.85455
183.7 -1.23182
183.8 -0.617594
183.9 -0.189814
184 0.0734577
184.1 0.166718
184.2 -0.349113
184.3 -1.27651
184.4 -2.17751
184.5 -2.68131
184.6 -2.69871
184.7 -2.66931
184.8 -2.73851
184.9 -2.72661
185 -2.44141
185.1 -1.97691
185.2 -1.50221
185.3 -1.18231
185.4 -1.1211
185.5 -1.02453
185.6 -0.656918
185.7 0.033987
185.8 1.29918
185.9 2.51269
186 3.14189
186.1 3.54819
186.2 3.94559
186.3 4.18949
186.4 4.38439
186.5 4.78629
186.6 5.14608
186.7 4.98109
186.8 3.97419
186.9 1.88034
187 -0.808853
187.1 -3.21931
187.2 -4.99211
187.3 -6.23591
187.4 -6.97541
187.5 -7.32511
187.6 -7.16541
187.7 -6.53031
187.8 -5.65421
187.9 -4.74511
188 -4.30551
188.1 -4.15491
188.2 -3.32456
188.3 -1.40481
188.4 1.07099
188.5 3.62029
188.6 5.99709
188.7 8.03259
188.8 8.98439
188.9 8.64769
189 7.25198
189.1 4.48609
189.2 1.40379
189.3 -0.511013
189.4 -1.24681
189.5 -1.11001
189.6 -0.474512
189.7 0.0840874
189.8 0.680086
189.9 1.78809
190 2.96099
190.1 3.50669
190.2 3.40699
190.3 2.80989
190.4 1.96939
190.5 1.06029
190.6 -0.0638123
190.7 -1.05629
190.8 -1.48433
190.9 -1.49781
191 -1.35859
191.1 -1.0198
191.2 -0.412554
191.3 0.256207
191.4 1.12395
191.5 1.73799
191.6 1.822
191.7 1.32375
191.8 0.165287
191.9 -1.29581
192 -2.74711
192.1 -4.28001
192.2 -5.53281
192.3 -5.91501
192.4 -5.72511
192.5 -4.97991
192.6 -3.86591
192.7 -2.89791
192.8 -2.25091
192.9 -2.12901
193 -2.16891
193.1 -1.70841
193.2 -0.830412
193.3 -0.342314
193.4 -0.397512
193.5 -0.545513
193.6 -0.521612
193.7 -0.408213
193.8 -0.538713
193.9 -0.927612
194 -1.51121
194.1 -2.44351
194.2 -3.28781
194.3 -3.60621
194.4 -3.03289
194.5 -1.96494
194.6 -0.932264
194.7 0.182247
194.8 1.37789
194.9 2.57648
195 3.96249
195.1 5.81029
195.2 7.76299
195.3 9.38489
195.4 10.4852
195.5 10.7413
195.6 10.0204
195.7 8.50549
195.8 7.11239
195.9 6.18089
196 5.38239
196.1 4.19089
196.2 2.67689
196.3 1.22929
196.4 0.107687
196.5 -0.586212
196.6 -0.949112
196.7 -1.15303
196.8 -1.01916
196.9 -0.641253
197 -0.321074
197.1 -0.422974
197.2 -0.662333
197.3 -0.361992
197.4 -0.0338821
197.5 -0.605513
197.6 -1.79581
197.7 -2.89091
197.8 -3.87861
197.9 -5.32771
198 -7.26211
198.1 -9.16871
198.2 -10.7002
198.3 -11.6983
198.4 -11.9932
198.5 -11.7643
198.6 -11.2734
198.7 -10.3721
198.8 -8.73141
198.9 -6.56011
199 -3.94601
199.1 -1.16601
199.2 1.24509
199.3 3.27186
199.4 4.99929
199.5 6.28059
199.6 7.29358
199.7 7.90539
199.8 7.95119
199.9 7.72039
200 7.80559
200.1 8.11509
200.2 7.98039
200.3 7.01619
200.4 5.40559
200.5 3.84549
200.6 2.72769
200.7 1.61849
200.8 0.393686
200.9 -0.473814
201 -0.927414
201.1 -0.992493
201.2 -1.08661
201.3 -1.51634
201.4 -2.02146
201.5 -2.40612
201.6 -2.62132
201.7 -2.28649
201.8 -1.31521
201.9 0.121786
202 2.15108
202.1 4.43619
202.2 6.38528
202.3 7.84599
202.4 8.62509
202.5 8.64069
202.6 7.61689
202.7 6.44019
202.8 5.98949
202.9 5.67179
203 4.83279
203.1 3.52748
203.2 2.01325
203.3 0.238117
203.4 -1.87861
203.5 -4.04611
203.6 -5.99371
203.7 -7.48381
203.8 -8.18621
203.9 -8.45861
204 -8.54501
204.1 -8.23101
204.2 -7.64211
204.3 -7.04041
204.4 -6.69741
204.5 -6.84391
204.6 -7.22611
204.7 -7.41081
204.8 -7.39771
204.9 -7.11441
205 -6.75041
205.1 -6.76661
205.2 -6.64741
205.3 -6.10831
205.4 -5.37991
205.5 -4.35161
205.6 -2.84451
205.7 -1.00221
205.8 1.00535
205.9 2.90649
206 4.76219
206.1 6.71029
206.2 8.41048
206.3 9.65068
206.4 10.6945
206.5 11.2542
206.6 11.3646
206.7 11.5044
206.8 11.1622
206.9 10.0769
207 8.96479
207.1 8.47419
207.2 8.40269
207.3 7.15628
207.4 4.61378
207.5 2.52139
207.6 1.41509
207.7 0.923687
207.8 0.822187
207.9 1.05599
208 1.18369
208.1 0.805387
208.2 0.163187
208.3 -0.279013
208.4 -0.310513
208.5 -0.191973
208.6 -0.258404
208.7 -0.641493
208.8 -1.39592
208.9 -2.14481
209 -2.41251
209.1 -2.54021
209.2 -3.21211
209.3 -4.24051
209.4 -4.94411
209.5 -5.10381
209.6 -5.32031
209.7 -5.90211
209.8 -6.43341
209.9 -7.02711
210 -7.69931
210.1 -8.38571
210.2 -9.07281
210.3 -9.57261
210.4 -9.74181
210.5 -9.72971
210.6 -9.33581
210.7 -8.33501
210.8 -6.85971
210.9 -4.97271
211 -3.01181
211.1 -1.09371
211.2 0.877148
211.3 2.97699
211.4 5.28369
211.5 7.82899
211.6 10.3525
211.7 12.1156
211.8 13.045
211.9 13.2999
212 12.2302
212.1 10.4226
212.2 8.74649
212.3 7.40849
212.4 6.17179
212.5 4.78539
212.6 3.51129
212.7 2.55649
212.8 1.75329
212.9 0.919287
213 0.0321865
213.1 -0.444513
213.2 -0.150612
213.3 0.538086
213.4 1.24089
213.5 2.04158
213.6 2.98329
213.7 3.78529
213.8 3.52229
213.9 2.21249
214 1.03709
214.1 0.463697
214.2 0.152838
214.3 -0.219963
214.4 -0.668512
214.5 -1.42941
214.6 -2.62571
214.7 -4.13671
214.8 -5.29001
214.9 -5.80871
215 -5.93431
215.1 -5.90781
215.2 -5.74281
215.3 -5.50511
215.4 -4.99231
215.5 -3.81231
215.6 -2.84691
215.7 -2.90391
215.8 -3.50731
215.9 -4.05181
216 -4.48741
216.1 -5.02601
216.2 -5.65591
216.3 -6.29081
216.4 -6.59211
216.5 -6.27581
216.6 -5.41431
216.7 -4.21241
216.8 -2.68051
216.9 -1.01071
217 0.75527
217.1 2.63494
217.2 4.17059
217.3 5.04699
217.4 5.56108
217.5 5.84609
217.6 5.94389
217.7 5.95019
217.8 5.68409
217.9 5.23019
218 4.93789
218.1 4.67439
218.2 4.05559
218.3 3.44149
218.4 3.25609
218.5 3.34249
218.6 3.63708
218.7 4.31579
218.8 5.30189
218.9 6.07379
219 6.56998
219.1 6.68439
219.2 6.08179
219.3 5.17169
219.4 4.46559
219.5 3.76459
219.6 3.22929
219.7 3.13158
219.8 2.72469
219.9 1.26762
220 -0.752314
220.1 -2.59551
220.2 -3.96541
220.3 -5.09531
220.4 -6.27821
220.5 -7.54631
220.6 -8.92931
220.7 -10.488
220.8 -11.7057
220.9 -12.1921
221 -12.025
221.1 -11.5549
221.2 -11.0447
221.3 -10.3552
221.4 -9.11471
221.5 -7.17871
221.6 -4.52021
221.7 -2.01811
221.8 -0.149714
221.9 1.78553
222 3.60594
222.1 4.85379
222.2 6.07409
222.3 7.67609
222.4 9.35899
222.5 10.6528
222.6 11.2137
222.7 10.9135
222.8 9.26329
222.9 6.99348
223 5.10629
223.1 3.91559
223.2 2.95098
223.3 1.80589
223.4 0.818386
223.5 0.210388
223.6 -0.377913
223.7 -1.05251
223.8 -1.44458
223.9 -1.4848
224 -1.38895
224.1 -1.36393
224.2 -1.2237
224.3 -0.851133
224.4 -0.334873
224.5 -0.242487
224.6 -0.911694
224.7 -1.72273
224.8 -2.04381
224.9 -1.93971
225 -1.67478
225.1 -1.18971
225.2 -0.527813
225.3 -0.142612
225.4 -0.203913
225.5 -0.148813
225.6 0.320787
225.7 0.520586
225.8 0.0796871
225.9 -0.784212
226 -1.45951
226.1 -1.46851
226.2 -1.21971
226.3 -1.64301
226.4 -2.38541
226.5 -2.44331
226.6 -2.03731
226.7 -1.65408
226.8 -1.11202
226.9 -0.366205
227 0.446827
227.1 1.29054
227.2 2.26549
227.3 3.27859
227.4 3.59929
227.5 3.32959
227.6 2.76239
227.7 1.88195
227.8 0.114517
227.9 -2.02424
228 -3.3169
228.1 -3.53319
228.2 -3.04466
228.3 -2.33164
228.4 -1.77326
228.5 -1.04141
228.6 0.372387
228.7 2.57269
228.8 5.05299
228.9 6.67929
229 6.94289
229.1 6.25549
229.2 5.35839
229.3 4.69538
229.4 3.82149
229.5 2.27989
229.6 0.700617
229.7 -0.488924
229.8 -1.73051
229.9 -3.33471
230 -4.95951
230.1 -6.13121
230.2 -6.75891
230.3 -6.86741
230.4 -6.73821
230.5 -6.62081
230.6 -6.36271
230.7 -5.58521
230.8 -4.21731
230.9 -2.61711
231 -1.02661
231.1 0.341747
231.2 1.17813
231.3 1.55745
231.4 1.53161
231.5 1.27125
231.6 1.21098
231.7 1.4517
231.8 1.42942
231.9 1.0771
232 0.747427
232.1 0.425716
232.2 -0.0716629
232.3 -0.451973
232.4 -0.459482
232.5 -0.0299129
232.6 1.03299
232.7 2.52129
232.8 4.11338
232.9 5.07769
233 5.39679
233.1 5.60909
233.2 5.68499
233.3 5.64059
233.4 5.18149
233.5 4.10989
233.6 2.72309
233.7 1.32199
233.8 0.0910873
233.9 -0.795313
234 -1.59396
234.1 -2.31531
234.2 -2.41008
234.3 -1.69611
234.4 -0.746462
234.5 0.0572166
234.6 0.352715
234.7 0.340727
234.8 0.715277
234.9 0.952217
235 0.104187
235.1 -1.87691
235.2 -4.01461
235.3 -5.33401
235.4 -5.96711
235.5 -6.53081
235.6 -7.34291
235.7 -7.77201
235.8 -7.38241
235.9 -6.46701
236 -5.45131
236.1 -4.36811
236.2 -3.14121
236.3 -2.42331
236.4 -2.26291
236.5 -1.90711
236.6 -1.03741
236.7 0.303177
236.8 1.87913
236.9 3.32219
237 4.48558
237.1 5.42649
237.2 6.17239
237.3 6.71159
237.4 6.88749
237.5 6.59459
237.6 6.16019
237.7 6.00468
237.8 6.11579
237.9 6.43809
238 6.88669
238.1 6.84349
238.2 5.82719
238.3 4.46719
238.4 3.27599
238.5 1.88129
238.6 0.184116
238.7 -1.61203
238.8 -3.56171
238.9 -5.74921
239 -7.86236
239.1 -9.28016
239.2 -9.52061
239.3 -8.53981
239.4 -6.68201
239.5 -4.11571
239.6 -1.51081
239.7 0.442247
239.8 1.57782
239.9 2.17192
240 2.71869
240.1 3.24339
240.2 3.40258
240.3 3.41319
240.4 3.81478
240.5 4.55079
240.6 5.05499
240.7 4.76218
240.8 3.68684
240.9 2.17473
241 0.384466
241.1 -1.62751
241.2 -3.72121
241.3 -5.40701
241.4 -6.25811
241.5 -6.29571
241.6 -5.75231
241.7 -5.07281
241.8 -4.56521
241.9 -4.28811
242 -4.19371
242.1 -4.74911
242.2 -5.59781
242.3 -5.71561
242.4 -5.01531
242.5 -3.98381
242.6 -2.58283
242.7 -0.535284
242.8 1.69619
242.9 3.48489
243 5.31469
243.1 7.72519
243.2 10.1939
243.3 11.8866
243.4 11.8751
243.5 10.3603
243.6 8.26669
243.7 5.95349
243.8 3.45829
243.9 1.57839
244 0.472288
244.1 0.0612869
244.2 0.212088
244.3 0.348846
244.4 0.0994568
244.5 -0.348093
244.6 -1.2329
244.7 -2.41231
244.8 -3.32111
244.9 -4.12061
245 -5.21081
245.1 -5.92646
245.2 -5.75006
245.3 -4.77001
245.4 -3.01911
245.5 -0.898144
245.6 1.0271
245.7 2.75362
245.8 4.1617
245.9 4.67505
246 4.17551
246.1 2.78577
246.2 1.03752
246.3 -0.596354
246.4 -2.13071
246.5 -3.49711
246.6 -4.29641
246.7 -4.26941
246.8 -4.04351
246.9 -3.81861
247 -3.54111
247.1 -3.25031
247.2 -2.85801
247.3 -2.18241
247.4 -1.62121
247.5 -1.91851
247.6 -2.92811
247.7 -3.82551
247.8 -4.11931
247.9 -3.82531
248 -2.9347
248.1 -1.32555
248.2 1.0684
248.3 3.3199
248.4 4.04339
248.5 3.61749
248.6 3.50608
248.7 4.02599
248.8 4.54349
248.9 4.80339
249 5.08139
249.1 5.34789
249.2 5.19249
249.3 4.61719
249.4 4.09719
249.5 3.93909
249.6 4.18639
249.7 4.48619
249.8 4.24789
249.9 3.58609
250 2.83329
250.1 1.64096
250.2 0.15053
250.3 -1.34353
250.4 -2.95801
250.5 -4.75921
250.6 -6.22001
250.7 -7.02951
250.8 -7.42911
250.9 -7.43381
251 -7.01681
251.1 -6.28751
251.2 -5.43201
251.3 -4.68381
251.4 -3.99801
251.5 -3.01841
251.6 -1.78531
251.7 -0.654512
251.8 0.168226
251.9 0.807556
252 1.59926
252.1 2.51949
252.2 3.38829
252.3 4.21299
252.4 4.90369
252.5 5.29779
252.6 5.42519
252.7 5.20758
252.8 5.00299
252.9 4.61279
253 3.74298
253.1 3.03268
253.2 2.70409
253.3 2.54428
253.4 2.36182
253.5 1.60143
253.6 -0.144453
253.7 -2.26981
253.8 -4.43711
253.9 -6.26021
254 -7.49411
254.1 -8.45261
254.2 -9.23121
254.3 -9.44541
254.4 -9.15661
254.5 -8.48011
254.6 -7.21491
254.7 -5.52481
254.8 -3.56981
254.9 -1.35103
255 0.976177
255.1 3.19469
255.2 5.22979
255.3 7.19439
255.4 8.85019
255.5 10.0922
255.6 10.8545
255.7 11.1878
255.8 10.878
255.9 9.48869
256 7.14399
256.1 4.72909
256.2 3.00709
256.3 1.71919
256.4 0.857489
256.5 0.342087
256.6 -0.255823
256.7 -1.00102
256.8 -1.75087
256.9 -2.39603
257 -2.92311
257.1 -3.39141
257.2 -3.98971
257.3 -4.79041
257.4 -5.50711
257.5 -5.89491
257.6 -5.92621
257.7 -5.87471
257.8 -5.81571
257.9 -5.41581
258 -4.68641
258.1 -4.00631
258.2 -3.58261
258.3 -3.13721
258.4 -2.43271
258.5 -1.75581
258.6 -1.21711
258.7 -0.588034
258.8 0.330446
258.9 1.68297
259 3.32673
259.1 4.82449
259.2 5.85439
259.3 6.24689
259.4 5.96109
259.5 5.12209
259.6 4.16389
259.7 3.50049
259.8 3.04189
259.9 2.20689
260 1.70689
260.1 1.82569
260.2 1.90059
260.3 1.93549
260.4 2.14869
260.5 1.99239
260.6 1.31839
260.7 0.640787
260.8 0.0356884
260.9 -0.600983
261 -1.06363
261.1 -1.64185
261.2 -2.60792
261.3 -3.41391
261.4 -3.87841
261.5 -4.23121
261.6 -4.22401
261.7 -3.58891
261.8 -2.78521
261.9 -2.39331
262 -2.19041
262.1 -2.15231
262.2 -2.71681
262.3 -3.56281
262.4 -4.27661
262.5 -4.84741
262.6 -5.03271
262.7 -4.14801
262.8 -2.43531
262.9 -0.699213
263 1.09011
263.1 3.18349
263.2 4.61182
263.3 4.63079
263.4 4.34709
263.5 4.49569
263.6 4.89669
263.7 5.28139
263.8 5.22409
263.9 4.46669
264 3.69939
264.1 3.34499
264.2 3.16009
264.3 2.78979
264.4 2.14119
264.5 1.26959
264.6 0.641287
264.7 0.113386
264.8 -0.857313
264.9 -1.87462
265 -2.37228
265.1 -2.32379
265.2 -1.76513
265.3 -0.901743
265.4 -0.258373
265.5 -0.418013
265.6 -1.31099
265.7 -1.95701
265.8 -2.08303
265.9 -1.74751
266 -1.01158
266.1 0.220947
266.2 1.77112
266.3 2.44096
266.4 1.37854
266.5 -0.170244
266.6 -0.981062
266.7 -1.01404
266.8 -0.245907
266.9 0.978647
267 2.08847
267.1 3.13174
267.2 3.9802
267.3 4.2225
267.4 3.27335
267.5 1.01859
267.6 -1.53131
267.7 -3.62771
267.8 -5.57211
267.9 -7.44651
268 -8.91281
268.1 -9.81466
268.2 -10.1413
268.3 -9.93541
268.4 -9.35181
268.5 -8.43291
268.6 -7.29901
268.7 -5.99511
268.8 -4.16211
268.9 -1.59639
269 1.14051
269.1 3.15969
269.2 4.53599
269.3 6.19579
269.4 8.60379
269.5 11.2591
269.6 13.0277
269.7 12.3107
269.8 10.7524
269.9 9.73939
270 8.99519
270.1 8.31018
270.2 7.46589
270.3 6.13459
270.4 4.75609
270.5 3.92208
270.6 3.32659
270.7 2.59639
270.8 1.93339
270.9 1.39279
271 0.732986
271.1 0.0274868
271.2 -0.647823
271.3 -1.3407
271.4 -1.80474
271.5 -2.07051
271.6 -2.15251
271.7 -2.36441
271.8 -3.26331
271.9 -4.85611
272 -6.29311
272.1 -6.90551
272.2 -7.17871
272.3 -7.87351
272.4 -8.56111
272.5 -8.57531
272.6 -7.79041
272.7 -6.62271
272.8 -5.50731
272.9 -4.43571
273 -3.62631
273.1 -3.25761
273.2 -2.85481
273.3 -2.07601
273.4 -1.43431
273.5 -1.17821
273.6 -0.945312
273.7 -1.01221
273.8 -1.69371
273.9 -2.36151
274 -2.58711
274.1 -2.48241
274.2 -2.05792
274.3 -1.27001
274.4 -0.206753
274.5 1.25239
274.6 2.84029
274.7 4.37369
274.8 5.96809
274.9 7.67939
275 9.77029
275.1 12.1374
275.2 13.7492
275.3 14.0058
275.4 13.1795
275.5 11.8178
275.6 10.3222
275.7 8.84129
275.8 7.56929
275.9 6.53638
276 5.11389
276.1 2.89928
276.2 0.633888
276.3 -1.03581
276.4 -2.44666
276.5 -3.79589
276.6 -4.76061
276.7 -5.19911
276.8 -5.46021
276.9 -5.87311
277 -5.89081
277.1 -5.22281
277.2 -4.51661
277.3 -4.27131
277.4 -4.55161
277.5 -5.48321
277.6 -6.58781
277.7 -7.34111
277.8 -7.79081
277.9 -7.88651
278 -7.61101
278.1 -7.30201
278.2 -7.19591
278.3 -6.93901
278.4 -6.49101
278.5 -5.95111
278.6 -5.13861
278.7 -3.84911
278.8 -1.84841
278.9 0.427486
279 2.3841
279.1 3.67446
279.2 3.92131
279.3 3.85258
279.4 3.76268
279.5 3.58438
279.6 3.76379
279.7 4.08179
279.8 4.20259
279.9 4.18119
280 4.15279
280.1 4.09209
280.2 4.14469
280.3 4.27929
280.4 3.74689
280.5 2.57869
280.6 1.72329
280.7 1.72409
280.8 2.34509
280.9 3.17699
281 4.05259
281.1 5.11559
281.2 6.37929
281.3 7.58718
281.4 8.42099
281.5 8.56749
281.6 7.58619
281.7 5.44019
281.8 3.08779
281.9 0.958086
282 -0.900553
282.1 -2.3886
282.2 -3.73501
282.3 -4.97331
282.4 -5.77091
282.5 -5.95431
282.6 -5.71641
282.7 -5.21371
282.8 -4.26621
282.9 -3.38291
283 -3.00811
283.1 -3.03621
283.2 -3.54761
283.3 -4.67581
283.4 -6.18121
283.5 -7.46181
283.6 -8.32901
283.7 -8.93671
283.8 -9.54291
283.9 -9.96041
284 -9.78511
284.1 -8.84971
284.2 -7.48331
284.3 -5.96471
284.4 -4.16961
284.5 -2.00891
284.6 0.400938
284.7 3.03036
284.8 5.52159
284.9 7.50899
285 9.00608
285.1 9.85689
285.2 9.97058
285.3 9.59048
285.4 9.13618
285.5 8.73328
285.6 8.39179
285.7 8.23999
285.8 8.05969
285.9 6.98029
286 4.83309
286.1 2.70279
286.2 1.54299
286.3 1.52239
286.4 1.76519
286.5 1.43869
286.6 0.666588
286.7 0.192188
286.8 0.454887
286.9 1.44989
287 2.92989
287.1 3.83499
287.2 3.57059
287.3 2.73829
287.4 1.67729
287.5 0.362207
287.6 -1.1045
287.7 -2.64291
287.8 -4.07921
287.9 -5.22571
288 -5.86851
288.1 -6.39331
288.2 -7.12461
288.3 -7.72571
288.4 -8.27391
288.5 -8.65721
288.6 -8.30621
288.7 -7.38951
288.8 -6.34911
288.9 -5.44731
289 -4.64811
289.1 -3.49981
289.2 -1.53101
289.3 0.878387
289.4 2.13979
289.5 1.73345
289.6 0.972616
289.7 0.904438
289.8 1.40866
289.9 1.95069
290 2.50349
290.1 3.33669
290.2 4.37439
290.3 5.05769
290.4 4.74089
290.5 3.68198
290.6 2.61119
290.7 1.82819
290.8 1.40409
290.9 1.33589
291 1.45669
291.1 1.50889
291.2 1.58019
291.3 1.75709
291.4 1.71919
291.5 1.47449
291.6 1.25509
291.7 0.879189
291.8 0.280289
291.9 -0.104113
292 0.0123863
292.1 0.501797
292.2 0.939638
292.3 1.01046
292.4 1.07726
292.5 1.28534
292.6 1.12945
292.7 0.507288
292.8 0.191536
292.9 0.351387
293 0.502207
293.1 0.402798
293.2 0.203749
293.3 -0.349573
293.4 -1.2711
293.5 -1.76161
293.6 -1.54041
293.7 -1.38281
293.8 -1.44171
293.9 -1.08711
294 -0.468412
294.1 -0.274113
294.2 -0.628813
294.3 -1.85481
294.4 -3.81461
294.5 -5.21091
294.6 -5.58151
294.7 -5.42881
294.8 -5.28451
294.9 -4.91651
295 -3.72481
295.1 -1.74659
295.2 0.103617
295.3 1.51523
295.4 2.83689
295.5 3.69239
295.6 3.97979
295.7 4.14439
295.8 4.02789
295.9 3.56758
296 2.93029
296.1 2.43419
296.2 2.10728
296.3 1.74169
296.4 1.2303
296.5 0.527456
296.6 -0.297163
296.7 -0.824654
296.8 -1.15054
296.9 -1.62892
297 -1.79901
297.1 -1.48291
297.2 -1.24481
297.3 -1.44641
297.4 -2.05821
297.5 -2.90631
297.6 -3.65101
297.7 -4.09751
297.8 -4.08341
297.9 -3.62511
298 -2.85071
298.1 -1.80641
298.2 -0.760313
298.3 -0.178923
298.4 0.245371
298.5 0.809986
298.6 1.29113
298.7 1.69089
298.8 2.03159
298.9 2.25479
299 2.75969
299.1 3.84339
299.2 5.46999
299.3 6.87638
299.4 7.31298
299.5 6.96819
299.6 6.34219
299.7 5.84529
299.8 5.44749
299.9 4.78178
300 3.58369
300.1 1.98089
300.2 0.486588
300.3 -0.476852
300.4 -1.02993
300.5 -1.63581
300.6 -2.76771
300.7 -4.30871
300.8 -5.71331
300.9 -6.57121
301 -7.02201
301.1 -7.32691
301.2 -7.47431
301.3 -7.76871
301.4 -7.83431
301.5 -7.13481
301.6 -5.81591
301.7 -4.08561
301.8 -2.40261
301.9 -1.15801
302 0.0388374
302.1 1.4453
302.2 3.03313
302.3 4.21846
302.4 4.32629
302.5 3.99079
302.6 3.92229
302.7 4.46209
302.8 4.96139
302.9 4.19209
303 2.00258
303.1 -0.218304
303.2 -1.64667
303.3 -2.29233
303.4 -2.13579
303.5 -0.961313
303.6 0.736687
303.7 1.73682
303.8 1.53213
303.9 0.940668
304 0.637817
304.1 0.708267
304.2 0.688375
304.3 0.191917
304.4 -0.558804
304.5 -1.14226
304.6 -1.39294
304.7 -1.47933
304.8 -1.55418
304.9 -1.55471
305 -1.55348
305.1 -1.73764
305.2 -1.93725
305.3 -1.85082
305.4 -1.50543
305.5 -0.869513
305.6 0.0572166
305.7 1.17461
305.8 1.97249
305.9 2.41788
306 2.99028
306.1 3.99659
306.2 5.06229
306.3 6.28379
306.4 7.75469
306.5 8.79649
306.6 9.33189
306.7 9.57309
306.8 9.15079
306.9 7.31528
307 4.21778
307.1 0.818638
307.2 -2.12394
307.3 -4.32431
307.4 -5.87551
307.5 -7.11671
307.6 -8.05371
307.7 -8.46191
307.8 -8.44161
307.9 -8.14981
308 -7.82871
308.1 -7.67591
308.2 -7.46161
308.3 -7.18371
308.4 -6.77481
308.5 -6.02301
308.6 -4.75281
308.7 -3.18741
308.8 -1.63001
308.9 0.0679874
309 1.90527
309.1 3.05755
309.2 2.91914
309.3 2.50782
309.4 2.5476
309.5 2.25648
309.6 1.04886
309.7 -0.065773
309.8 -0.529383
309.9 -0.823744
310 -1.24573
310.1 -1.36851
310.2 -0.750214
310.3 0.792587
310.4 2.83718
310.5 5.12709
310.6 7.48219
310.7 9.32989
310.8 10.298
310.9 10.8072
311 10.9675
311.1 9.88909
311.2 7.03479
311.3 3.74578
311.4 0.967487
311.5 -1.40451
311.6 -3.50474
311.7 -5.13721
311.8 -6.23431
311.9 -6.74216
312 -6.74186
312.1 -6.44041
312.2 -5.92731
312.3 -5.18341
312.4 -4.02151
312.5 -2.31041
312.6 -0.341063
312.7 1.31744
312.8 2.16043
312.9 2.38283
313 2.35809
313.1 2.27949
313.2 2.37859
313.3 2.99109
313.4 3.93198
313.5 4.43518
313.6 4.04457
313.7 3.31448
313.8 2.5804
313.9 1.50328
314 -0.137014
314.1 -1.94301
314.2 -3.61541
314.3 -4.95181
314.4 -5.85451
314.5 -6.19431
314.6 -6.04961
314.7 -5.54761
314.8 -4.77711
314.9 -3.67941
315 -2.43781
315.1 -1.40781
315.2 -0.554022
315.3 0.217068
315.4 0.924995
315.5 1.45974
315.6 1.495
315.7 1.12603
315.8 0.540148
315.9 -0.219292
316 -0.917303
316.1 -1.32213
316.2 -1.49129
316.3 -1.5013
316.4 -1.41204
316.5 -1.24244
316.6 -0.732504
316.7 0.303017
316.8 1.59553
316.9 2.39814
317 2.61686
317.1 2.26324
317.2 1.55379
317.3 0.844198
317.4 0.350327
317.5 0.0903778
317.6 0.227386
317.7 0.661287
317.8 1.10269
317.9 1.65899
318 2.56979
318.1 3.72659
318.2 4.70829
318.3 5.37809
318.4 5.83339
318.5 6.06259
318.6 6.01239
318.7 5.99019
318.8 6.16999
318.9 5.96509
319 5.08308
319.1 3.98919
319.2 2.57539
319.3 0.654097
319.4 -1.35394
319.5 -3.02711
319.6 -4.34401
319.7 -5.41321
319.8 -6.38161
319.9 -7.44431
320 -8.27331
320.1 -8.36601
320.2 -7.87161
320.3 -7.19301
320.4 -6.50321
320.5 -5.85451
320.6 -4.90121
320.7 -3.64501
320.8 -2.63481
320.9 -2.22671
321 -2.45031
321.1 -2.97961
321.2 -2.89761
321.3 -1.87011
321.4 -0.121183
321.5 2.29362
321.6 4.08707
321.7 4.313
321.8 3.97272
321.9 3.66346
322 2.2985
322.1 0.363308
322.2 -0.873623
322.3 -1.34011
322.4 -1.04921
322.5 -0.0408134
322.6 1.49059
322.7 3.34148
322.8 5.17159
322.9 6.55528
323 7.11238
323.1 6.81629
323.2 5.67469
323.3 4.04988
323.4 2.40768
323.5 0.980488
323.6 -0.281912
323.7 -1.27481
323.8 -1.90163
323.9 -2.22594
324 -2.47684
324.1 -2.66671
324.2 -2.45827
324.3 -1.66643
324.4 -0.640923
324.5 0.090477
324.6 0.290968
324.7 0.0745182
324.8 -0.163364
324.9 -0.246742
325 -0.0948334
325.1 0.310968
325.2 0.716528
325.3 1.07939
325.4 1.52629
325.5 2.08179
325.6 2.91589
325.7 3.96539
325.8 5.18188
325.9 6.12868
326 6.20248
326.1 5.07409
326.2 3.33557
326.3 1.47993
326.4 -0.644413
326.5 -2.88641
326.6 -4.98871
326.7 -6.70231
326.8 -7.74621
326.9 -8.31901
327 -9.02741
327.1 -9.54921
327.2 -9.65091
327.3 -9.55791
327.4 -9.16711
327.5 -8.27311
327.6 -7.04851
327.7 -5.57351
327.8 -3.89541
327.9 -2.09631
328 -0.742813
328.1 0.190456
328.2 1.31719
328.3 2.57992
328.4 3.54929
328.5 4.18988
328.6 4.43169
328.7 4.16779
328.8 3.86229
328.9 3.92359
329 4.37959
329.1 5.07659
329.2 6.08469
329.3 7.53889
329.4 9.16839
329.5 10.5094
329.6 11.4076
329.7 11.872
329.8 11.4447
329.9 10.1159
330 8.22519
330.1 5.75659
330.2 2.68249
330.3 -0.245012
330.4 -2.54314
330.5 -4.21587
330.6 -5.42651
330.7 -6.56981
330.8 -7.45831
330.9 -7.55151
331 -6.80626
331.1 -5.56311
331.2 -3.91051
331.3 -2.24281
331.4 -0.995913
331.5 -0.188513
331.6 -0.450212
331.7 -1.46291
331.8 -2.23491
331.9 -2.52511
332 -2.64211
332.1 -2.94511
332.2 -3.42101
332.3 -3.88551
332.4 -4.30151
332.5 -4.44401
332.6 -4.25531
332.7 -4.08411
332.8 -3.78601
332.9 -3.07671
333 -2.16241
333.1 -1.24341
333.2 -0.423414
333.3 0.0679874
333.4 0.290787
333.5 0.58165
333.6 1.41943
333.7 2.68969
333.8 3.74409
333.9 4.23669
334 4.24729
334.1 3.88919
334.2 2.96089
334.3 1.67929
334.4 0.625187
334.5 -0.396112
334.6 -1.6948
334.7 -2.50404
334.8 -2.52623
334.9 -2.17269
335 -1.62814
335.1 -1.0488
335.2 -0.587713
335.3 -0.0445118
335.4 0.991087
335.5 2.40538
335.6 3.78459
335.7 4.96089
335.8 5.77699
335.9 6.13999
336 6.24588
336.1 6.13929
336.2 5.97659
336.3 5.49499
336.4 4.77669
336.5 4.18949
336.6 3.56799
336.7 2.75719
336.8 1.87599
336.9 1.08189
337 0.726686
337.1 0.790686
337.2 1.03449
337.3 1.12687
337.4 0.896156
337.5 0.657907
337.6 0.404457
337.7 -0.0950127
337.8 -1.03251
337.9 -2.62921
338 -4.39151
338.1 -5.91041
338.2 -7.11691
338.3 -7.96651
338.4 -9.04821
338.5 -10.8017
338.6 -12.4119
338.7 -13.6138
338.8 -14.6932
338.9 -15.1927
339 -14.4937
339.1 -12.5937
339.2 -10.0799
339.3 -7.49781
339.4 -4.89021
339.5 -2.33491
339.6 -0.104113
339.7 1.67572
339.8 3.48459
339.9 5.76989
340 8.55779
340.1 11.7842
340.2 14.9673
340.3 17.0173
340.4 17.3015
340.5 16.2787
340.6 15.1015
340.7 13.9561
340.8 12.6633
340.9 11.0974
341 9.51129
341.1 7.87918
341.2 5.94669
341.3 4.14548
341.4 3.06969
341.5 2.79529
341.6 2.75479
341.7 2.23989
341.8 1.31169
341.9 0.487587
342 -0.139713
342.1 -0.681213
342.2 -1.31744
342.3 -2.31325
342.4 -3.57501
342.5 -4.73641
342.6 -5.71151
342.7 -6.39501
342.8 -6.57031
342.9 -5.76801
343 -4.38091
343.1 -3.96841
343.2 -4.73411
343.3 -5.64641
343.4 -6.35711
343.5 -6.85101
343.6 -6.92961
343.7 -6.62241
343.8 -6.12941
343.9 -5.90721
344 -6.05571
344.1 -6.06861
344.2 -5.72061
344.3 -5.41451
344.4 -4.94591
344.5 -4.13901
344.6 -3.40821
344.7 -3.32051
344.8 -3.50471
344.9 -3.07611
345 -1.95928
345.1 -0.58293
345.2 0.602516
345.3 1.85369
345.4 3.42419
345.5 5.04819
345.6 6.02879
345.7 6.50319
345.8 6.68739
345.9 6.77489
346 6.56298
346.1 6.10229
346.2 6.46709
346.3 7.88279
346.4 9.37918
346.5 10.079
346.6 9.81699
346.7 9.34159
346.8 8.74689
346.9 7.77019
347 6.16079
347.1 4.23429
347.2 2.64639
347.3 1.45469
347.4 0.583288
347.5 0.184387
347.6 0.345987
347.7 0.899187
347.8 1.07251
347.9 0.772167
348 0.54138
348.1 0.628267
348.2 -0.0540123
348.3 -2.05941
348.4 -4.22651
348.5 -5.87711
348.6 -7.14971
348.7 -7.99311
348.8 -8.40081
348.9 -8.83661
349 -9.59421
349.1 -10.1677
349.2 -10.3274
349.3 -10.2541
349.4 -9.88771
349.5 -9.07591
349.6 -7.83091
349.7 -6.38391
349.8 -5.14891
349.9 -4.12731
350 -2.87351
350.1 -1.37721
350.2 0.0347862
350.3 1.28799
350.4 2.41299
350.5 2.71078
350.6 1.96604
350.7 0.902266
350.8 -0.142973
350.9 -0.494612
351 0.114588
351.1 1.32159
351.2 2.88489
351.3 4.78579
351.4 6.76479
351.5 8.62879
351.6 9.84159
351.7 10.3305
351.8 10.2498
351.9 9.92339
352 9.36699
352.1 8.45339
352.2 7.35739
352.3 6.20959
352.4 4.93919
352.5 3.36898
352.6 1.34399
352.7 -0.772614
352.8 -2.50332
352.9 -3.59007
353 -4.05185
353.1 -4.18433
353.2 -3.71919
353.3 -2.70616
353.4 -1.79095
353.5 -1.29372
353.6 -0.759443
353.7 -0.0126839
353.8 0.568497
353.9 0.906467
354 1.20533
354.1 1.51934
354.2 1.73762
354.3 2.01842
354.4 2.61879
354.5 3.40108
354.6 3.38896
354.7 2.07769
354.8 0.306488
354.9 -1.78091
355 -4.31041
355.1 -7.03861
355.2 -9.49481
355.3 -11.4467
355.4 -12.7234
355.5 -13.2166
355.6 -13.1037
355.7 -12.4332
355.8 -11.0135
355.9 -9.16521
356 -7.36501
356.1 -5.74201
356.2 -4.07771
356.3 -2.12901
356.4 -0.0936127
356.5 1.48636
356.6 2.64408
356.7 3.82249
356.8 4.90388
356.9 5.53408
357 5.70729
357.1 5.68359
357.2 5.85809
357.3 6.45819
357.4 7.26809
357.5 8.01419
357.6 8.45419
357.7 8.72799
357.8 9.08109
357.9 9.41309
358 9.42249
358.1 8.88819
358.2 8.03659
358.3 7.17239
358.4 6.07779
358.5 4.53199
358.6 2.83059
358.7 1.35969
358.8 0.232286
358.9 -0.447313
359 -0.632713
359.1 -0.575912
359.2 -0.653023
359.3 -1.05628
359.4 -1.71677
359.5 -2.68051
359.6 -3.83561
359.7 -4.71481
359.8 -5.18911
359.9 -5.65111
360 -6.18081
360.1 -6.33301
360.2 -5.89771
360.3 -5.16691
360.4 -4.38521
360.5 -3.51321
360.6 -2.56151
360.7 -2.30801
360.8 -2.79041
360.9 -3.10541
361 -2.64241
361.1 -1.68101
361.2 -1.05891
361.3 -1.59621
361.4 -3.12041
361.5 -4.60841
361.6 -5.27241
361.7 -5.32771
361.8 -5.26391
361.9 -5.21191
362 -4.72551
362.1 -3.78221
362.2 -2.70881
362.3 -1.60611
362.4 -0.106113
362.5 1.49436
362.6 1.62438
362.7 0.789587
362.8 0.471287
362.9 1.01529
363 1.86589
363.1 2.74079
363.2 3.93439
363.3 5.48399
363.4 6.88259
363.5 7.68289
363.6 8.34978
363.7 9.48299
363.8 10.6625
363.9 11.2699
364 11.5848
364.1 11.5192
364.2 10.4761
364.3 8.49739
364.4 6.24319
364.5 3.84048
364.6 1.20819
364.7 -1.19118
364.8 -3.59611
364.9 -6.13281
365 -7.92686
365.1 -8.86881
365.2 -9.23371
365.3 -8.99041
365.4 -8.07651
365.5 -6.62981
365.6 -5.06601
365.7 -3.52901
365.8 -1.79601
365.9 0.126007
366 2.00682
366.1 3.16137
366.2 3.13511
366.3 2.49498
366.4 1.80837
366.5 0.839674
366.6 -0.249643
366.7 -1.06011
366.8 -1.78961
366.9 -2.70141
367 -3.58651
367.1 -4.42761
367.2 -5.41311
367.3 -6.43321
367.4 -7.16521
367.5 -7.52381
367.6 -7.45691
367.7 -7.09111
367.8 -6.50131
367.9 -5.63111
368 -4.70141
368.1 -3.85771
368.2 -2.90851
368.3 -1.43081
368.4 0.511597
368.5 2.19149
368.6 3.33009
368.7 4.14389
368.8 4.97618
368.9 5.95439
369 7.14519
369.1 8.48579
369.2 9.44959
369.3 9.88089
369.4 9.94218
369.5 9.46949
369.6 8.18059
369.7 6.34938
369.8 4.46498
369.9 2.57939
370 0.897987
370.1 -0.0852127
370.2 -0.248613
370.3 0.305586
370.4 1.58499
370.5 2.94339
370.6 3.65639
370.7 4.08639
370.8 4.46869
370.9 4.33059
371 3.49628
371.1 1.86669
371.2 -0.481491
371.3 -2.88611
371.4 -4.77171
371.5 -6.07711
371.6 -7.07401
371.7 -7.94291
371.8 -8.53381
371.9 -8.58121
372 -8.15781
372.1 -7.56801
372.2 -6.79521
372.3 -5.51061
372.4 -3.95961
372.5 -2.71511
372.6 -1.59021
372.7 -0.638912
372.8 -0.181513
372.9 -0.138113
373 -0.469612
373.1 -1.01441
373.2 -1.82071
373.3 -2.68751
373.4 -3.16351
373.5 -3.04761
373.6 -2.60791
373.7 -2.08328
373.8 -1.37278
373.9 -0.306103
374 1.17369
374.1 3.03349
374.2 4.79478
374.3 5.88329
374.4 6.37809
374.5 6.72839
374.6 7.11319
374.7 7.43249
374.8 7.24538
374.9 6.36809
375 5.29459
375.1 4.10209
375.2 2.75949
375.3 1.27929
375.4 -0.351263
375.5 -1.93384
375.6 -3.20887
375.7 -4.27781
375.8 -5.17131
375.9 -5.57671
376 -5.22401
376.1 -4.02481
376.2 -2.39761
376.3 -1.09403
376.4 0.139896
376.5 1.80928
376.6 3.49979
376.7 4.70449
376.8 5.37889
376.9 5.46879
377 5.01509
377.1 4.14019
377.2 2.58849
377.3 0.628487
377.4 -0.807013
377.5 -1.41011
377.6 -1.52192
377.7 -1.39644
377.8 -0.906864
377.9 -0.303772
378 -0.130203
378.1 -0.219824
378.2 -0.777214
378.3 -1.87981
378.4 -3.02431
378.5 -3.64181
378.6 -3.64661
378.7 -3.48211
378.8 -3.42111
378.9 -3.49271
379 -3.67191
379.1 -3.54781
379.2 -3.53381
379.3 -4.12531
379.4 -4.43251
379.5 -3.99861
379.6 -3.29281
379.7 -2.29311
379.8 -1.07871
379.9 -0.0752125
380 0.259386
380.1 0.330288
380.2 0.819838
380.3 0.480867
380.4 -0.608063
380.5 -0.962423
380.6 -0.435122
380.7 0.554386
380.8 2.02468
380.9 4.12239
381 6.27909
381.1 7.62089
381.2 7.84229
381.3 6.66349
381.4 4.70599
381.5 3.03249
381.6 1.78429
381.7 0.692587
381.8 -0.178614
381.9 -0.887033
382 -1.56737
382.1 -2.34715
382.2 -3.08955
382.3 -3.55128
382.4 -3.94676
382.5 -3.99601
382.6 -3.00612
382.7 -1.14402
382.8 0.981287
382.9 2.96589
383 4.55039
383.1 5.75609
383.2 6.47779
383.3 6.48359
383.4 5.94819
383.5 4.48079
383.6 2.05309
383.7 -0.185343
383.8 -1.51768
383.9 -2.09891
384 -2.38767
384.1 -2.69501
384.2 -2.97351
384.3 -2.96921
384.4 -2.77311
384.5 -2.66041
384.6 -2.54701
384.7 -2.32161
384.8 -2.23361
384.9 -2.27081
385 -2.05451
385.1 -1.61691
385.2 -1.36841
385.3 -1.35501
385.4 -1.62541
385.5 -2.12441
385.6 -2.40471
385.7 -2.23121
385.8 -1.67681
385.9 -1.16131
386 -1.05791
386.1 -1.05011
386.2 -0.653513
386.3 -0.168814
386.4 0.0962868
386.5 -0.113113
386.6 -0.837914
386.7 -1.72871
386.8 -2.36321
386.9 -2.36851
387 -2.05811
387.1 -2.15221
387.2 -2.64301
387.3 -3.06281
387.4 -3.14551
387.5 -2.78359
387.6 -1.98404
387.7 -0.761312
387.8 0.922287
387.9 3.20559
388 5.97929
388.1 8.51339
388.2 10.2674
388.3 11.4573
388.4 12.3748
388.5 13.1883
388.6 13.8889
388.7 14
388.8 12.7551
388.9 10.0114
389 6.93459
389.1 4.11938
389.2 1.57839
389.3 -0.702253
389.4 -3.02724
389.5 -5.40921
389.6 -7.54771
389.7 -9.22706
389.8 -10.301
389.9 -10.7912
390 -10.712
390.1 -10.1094
390.2 -9.24181
390.3 -8.46971
390.4 -7.98371
390.5 -7.74091
390.6 -7.57871
390.7 -7.23621
390.8 -6.66531
390.9 -5.92731
391 -4.92481
391.1 -3.25251
391.2 -0.946613
391.3 1.40879
391.4 3.16687
391.5 4.12725
391.6 4.98839
391.7 5.92879
391.8 6.76109
391.9 7.17669
392 7.10168
392.1 6.72089
392.2 6.15998
392.3 5.57439
392.4 4.86579
392.5 4.02029
392.6 3.32539
392.7 2.85159
392.8 2.24689
392.9 1.22099
393 0.175488
393.1 -0.850613
393.2 -1.89747
393.3 -2.64895
393.4 -3.1145
393.5 -3.37572
393.6 -3.34421
393.7 -3.36041
393.8 -3.80121
393.9 -4.48241
394 -4.82631
394.1 -4.34901
394.2 -3.18961
394.3 -1.66451
394.4 0.0801163
394.5 1.85279
394.6 3.02153
394.7 3.54069
394.8 3.71378
394.9 3.87178
395 4.05819
395.1 4.15429
395.2 4.07129
395.3 4.21649
395.4 4.88348
395.5 5.58768
395.6 5.89999
395.7 5.45649
395.8 4.04769
395.9 2.38239
396 1.18229
396.1 0.478678
396.2 -0.325253
396.3 -1.74361
396.4 -3.22691
396.5 -4.32351
396.6 -5.28041
396.7 -6.14811
396.8 -6.71561
396.9 -7.07791
397 -7.04541
397.1 -6.56011
397.2 -6.08781
397.3 -6.08861
397.4 -6.31951
397.5 -6.16431
397.6 -5.48591
397.7 -4.10321
397.8 -2.29451
397.9 -1.24381
398 -1.43281
398.1 -2.10371
398.2 -2.25981
398.3 -1.72721
398.4 -0.923914
398.5 -0.203524
398.6 0.713318
398.7 2.21533
398.8 4.03669
398.9 5.67599
399 6.32409
399.1 6.04979
399.2 5.37979
399.3 5.02938
399.4 5.08699
399.5 5.07259
399.6 4.87569
399.7 4.84429
399.8 4.94728
399.9 4.99018
400 4.80839
400.1 4.38609
400.2 4.36238
400.3 4.95198
400.4 5.37319
400.5 4.55839
400.6 2.71268
400.7 1.31149
400.8 0.638987
400.9 0.168488
401 -0.352413
401.1 -0.830742
401.2 -0.960003
401.3 -0.752762
401.4 -0.887613
401.5 -1.95061
401.6 -3.19771
401.7 -4.05071
401.8 -4.49051
401.9 -4.71281
402 -5.09591
402.1 -5.67651
402.2 -6.17571
402.3 -6.48181
402.4 -6.64701
402.5 -6.71571
402.6 -6.75191
402.7 -6.92421
402.8 -7.27231
402.9 -7.43551
403 -6.82951
403.1 -5.68591
403.2 -4.51011
403.3 -3.33951
403.4 -2.24811
403.5 -1.43671
403.6 -0.675453
403.7 0.705387
403.8 2.35429
403.9 3.72108
404 4.90639
404.1 5.82329
404.2 6.33509
404.3 6.26729
404.4 5.79428
404.5 5.46788
404.6 5.23909
404.7 5.20509
404.8 5.17149
404.9 4.66368
405 4.15179
405.1 4.11039
405.2 4.05579
405.3 3.35879
405.4 2.32909
405.5 1.68739
405.6 1.55709
405.7 1.60029
405.8 1.53549
405.9 1.33989
406 1.32119
406.1 1.60969
406.2 2.16269
406.3 2.85899
406.4 3.13618
406.5 2.75939
406.6 1.90437
406.7 0.741657
406.8 -0.637413
406.9 -1.74241
407 -2.48591
407.1 -3.33551
407.2 -4.15341
407.3 -4.65011
407.4 -4.99221
407.5 -5.14731
407.6 -4.96951
407.7 -4.95941
407.8 -5.32401
407.9 -5.61231
408 -5.32711
408.1 -4.61371
408.2 -3.75681
408.3 -3.08001
408.4 -3.00761
408.5 -3.40631
408.6 -3.64901
408.7 -2.99701
408.8 -1.93101
408.9 -1.35111
409 -1.06361
409.1 -0.595613
409.2 0.229837
409.3 1.15638
409.4 1.98802
409.5 2.44727
409.6 2.33884
409.7 1.88555
409.8 1.61912
409.9 1.44906
410 0.833517
410.1 0.167568
410.2 -0.236313
410.3 -0.509113
410.4 -0.545212
410.5 0.0246868
410.6 1.24989
410.7 2.91599
410.8 4.67759
410.9 5.84089
411 6.34729
411.1 6.78609
411.2 7.22799
411.3 7.94409
411.4 7.96659
411.5 6.59549
411.6 4.27929
411.7 1.69309
411.8 -0.875664
411.9 -2.95388
412 -4.12788
412.1 -4.4633
412.2 -4.15864
412.3 -3.4019
412.4 -2.29859
412.5 -0.931772
412.6 0.608536
412.7 1.97949
412.8 2.93203
412.9 3.09555
413 2.49554
413.1 1.26708
413.2 -0.356794
413.3 -2.13621
413.4 -3.74511
413.5 -5.02091
413.6 -5.94771
413.7 -6.27201
413.8 -6.17871
413.9 -6.24201
414 -6.30461
414.1 -5.90771
414.2 -5.10321
414.3 -4.39951
414.4 -3.94521
414.5 -3.58771
414.6 -3.16201
414.7 -2.86661
414.8 -2.85961
414.9 -2.67971
415 -1.77711
415.1 -0.025034
415.2 2.12879
415.3 3.30455
415.4 3.21629
415.5 3.05489
415.6 3.39038
415.7 3.85349
415.8 3.99949
415.9 4.04359
416 4.12309
416.1 4.05209
416.2 3.77669
416.3 3.26589
416.4 2.58308
416.5 1.97259
416.6 1.64369
416.7 1.22519
416.8 0.650587
416.9 0.382187
417 0.722687
417.1 1.75799
417.2 3.21789
417.3 4.61008
417.4 5.75539
417.5 6.69659
417.6 6.77518
417.7 5.57969
417.8 4.13699
417.9 2.74199
418 1.09909
418.1 -0.523314
418.2 -2.16508
418.3 -3.70821
418.4 -4.81471
418.5 -5.24931
418.6 -5.02161
418.7 -4.64241
418.8 -4.53611
418.9 -4.66541
419 -5.01481
419.1 -5.55531
419.2 -6.08501
419.3 -6.42331
419.4 -6.62591
419.5 -6.30921
419.6 -5.59581
419.7 -5.51811
419.8 -5.78351
419.9 -5.20831
420 -4.17261
420.1 -3.49921
420.2 -2.81841
420.3 -1.95461
420.4 -0.960323
420.5 0.531788
420.6 2.34468
420.7 3.93819
420.8 5.32939
420.9 6.64929
421 7.86109
421.1 8.05729
421.2 7.24439
421.3 6.62419
421.4 6.17499
421.5 5.33219
421.6 4.19619
421.7 3.22559
421.8 2.40099
421.9 1.24499
422 -0.111214
422.1 -1.45636
422.2 -2.49468
422.3 -3.16651
422.4 -3.56786
422.5 -3.26977
422.6 -2.37258
422.7 -1.27423
422.8 -0.0298328
422.9 1.09523
423 1.52448
423.1 1.32997
423.2 1.26067
423.3 1.13161
423.4 0.679836
423.5 0.338287
423.6 0.121508
423.7 -0.320534
423.8 -0.611914
423.9 -0.0429325
424 1.05062
424.1 2.16349
424.2 3.06448
424.3 3.41952
424.4 3.00819
424.5 1.91055
424.6 0.519958
424.7 -0.771713
424.8 -2.06491
424.9 -3.43521
425 -4.53571
425.1 -5.08081
425.2 -5.19921
425.3 -5.60081
425.4 -6.11521
425.5 -6.22201
425.6 -5.98011
425.7 -5.36471
425.8 -4.14671
425.9 -2.40321
426 -0.422213
426.1 1.03466
426.2 1.4294
426.3 1.44604
426.4 1.40658
426.5 1.31236
426.6 0.820896
426.7 -0.241774
426.8 -1.12281
426.9 -0.902613
427 0.379187
427.1 2.37218
427.2 4.60279
427.3 6.26398
427.4 6.67829
427.5 6.48759
427.6 6.37449
427.7 6.27179
427.8 6.32029
427.9 6.68769
428 6.78159
428.1 6.00109
428.2 4.46789
428.3 2.22419
428.4 0.0263863
428.5 -1.48648
428.6 -2.53322
428.7 -3.35871
428.8 -4.07961
428.9 -4.90271
429 -5.80221
429.1 -6.44621
429.2 -6.66721
429.3 -6.30951
429.4 -5.25241
429.5 -3.57151
429.6 -1.54751
429.7 0.587637
429.8 2.22535
429.9 2.32673
430 1.24644
430.1 0.102297
430.2 -0.654083
430.3 -1.05861
430.4 -1.30971
430.5 -1.58601
430.6 -2.05581
430.7 -2.63911
430.8 -2.84691
430.9 -2.74101
431 -2.78551
431.1 -2.78021
431.2 -2.56721
431.3 -2.26591
431.4 -1.71021
431.5 -0.660563
431.6 0.673954
431.7 1.67555
431.8 2.52759
431.9 3.63769
432 4.52328
432.1 4.65919
432.2 4.42159
432.3 3.84869
432.4 2.62259
432.5 0.774986
432.6 -0.919413
432.7 -1.68963
432.8 -2.0776
432.9 -2.45541
433 -1.98461
433.1 -0.292713
433.2 2.16779
433.3 4.31839
433.4 5.44349
433.5 5.74059
433.6 5.59569
433.7 5.12069
433.8 4.65299
433.9 4.43748
434 4.50238
434.1 4.83998
434.2 4.79919
434.3 3.32759
434.4 0.750834
434.5 -1.83891
434.6 -3.78271
434.7 -5.47311
434.8 -6.88371
434.9 -7.45461
435 -7.49371
435.1 -7.27911
435.2 -6.74041
435.3 -5.86521
435.4 -4.69531
435.5 -3.41331
435.6 -2.02851
435.7 -0.600014
435.8 0.518488
435.9 0.880985
436 0.470388
436.1 -0.373112
436.2 -1.37751
436.3 -2.48261
436.4 -3.57501
436.5 -4.37391
436.6 -4.70411
436.7 -4.64531
436.8 -4.26971
436.9 -3.29261
437 -1.70871
437.1 -0.205162
437.2 0.950727
437.3 2.13934
437.4 3.37189
437.5 4.29419
437.6 4.85529
437.7 5.20689
437.8 5.43799
437.9 5.60439
438 5.66539
438.1 5.46029
438.2 5.07229
438.3 4.71878
438.4 4.44279
438.5 4.18029
438.6 3.83939
438.7 3.46548
438.8 2.94219
438.9 2.21489
439 1.35219
439.1 0.533287
439.2 -0.246424
439.3 -0.987284
439.4 -1.63363
439.5 -2.20061
439.6 -2.61921
439.7 -2.86201
439.8 -2.99381
439.9 -3.08431
440 -3.15311
440.1 -3.19751
440.2 -3.31231
440.3 -3.45231
440.4 -3.24311
440.5 -2.39874
440.6 -1.11355
440.7 0.189224
440.8 1.43326
440.9 2.87251
441 4.26597
441.1 5.20708
441.2 5.57455
441.3 5.03823
441.4 3.96622
441.5 2.22539
441.6 -0.202414
441.7 -2.68191
441.8 -5.01301
441.9 -7.03561
442 -8.43211
442.1 -9.06101
442.2 -9.09791
442.3 -8.67701
442.4 -7.80931
442.5 -6.65121
442.6 -5.68041
442.7 -5.03101
442.8 -4.18861
442.9 -3.07521
443 -2.14267
443.1 -1.27446
443.2 -0.228964
443.3 0.917288
443.4 2.50599
443.5 4.77428
443.6 6.98699
443.7 8.14259
443.8 8.08209
443.9 7.41109
444 6.64389
444.1 6.03949
444.2 5.68159
444.3 5.39449
444.4 5.06259
444.5 4.87249
444.6 4.91529
444.7 5.09619
444.8 4.98159
444.9 4.47749
445 3.66989
445.1 2.79159
445.2 2.04649
445.3 1.39899
445.4 0.943188
445.5 0.334587
445.6 -0.865503
445.7 -2.01994
445.8 -2.51986
445.9 -2.60631
446 -2.89791
446.1 -3.57081
446.2 -4.19551
446.3 -4.78611
446.4 -5.64741
446.5 -6.53831
446.6 -7.31631
446.7 -7.59491
446.8 -7.25861
446.9 -6.33651
447 -4.86621
447.1 -3.12411
447.2 -1.43101
447.3 0.071888
447.4 1.36769
447.5 2.41642
447.6 3.05683
447.7 2.91368
447.8 2.16278
447.9 1.63696
448 1.57298
448.1 1.48004
448.2 1.11652
448.3 0.595617
448.4 -0.275703
448.5 -1.51932
448.6 -2.4731
448.7 -2.74451
448.8 -2.6561
448.9 -2.61754
449 -2.35192
449.1 -1.87761
449.2 -1.62792
449.3 -1.50531
449.4 -1.02467
449.5 -0.372911
449.6 0.179386
449.7 0.855587
449.8 1.62399
449.9 2.31789
450 2.84608
450.1 3.12409
450.2 3.26509
450.3 3.18579
450.4 2.75969
450.5 2.74329
450.6 3.63549
450.7 5.02449
450.8 5.92039
450.9 5.38899
451 4.27328
451.1 3.36889
451.2 2.35629
451.3 1.59649
451.4 1.26879
451.5 0.818787
451.6 0.0929375
451.7 -0.584324
451.8 -0.780582
451.9 -0.390762
452 0.386978
452.1 1.00959
452.2 1.09296
452.3 0.912638
452.4 0.185036
452.5 -0.675993
452.6 -1.19583
452.7 -1.65671
452.8 -2.21521
452.9 -3.16721
453 -4.81281
453.1 -6.41111
453.2 -7.31571
453.3 -7.72651
453.4 -8.17361
453.5 -8.77691
453.6 -8.86161
453.7 -8.07771
453.8 -6.93261
453.9 -6.02641
454 -5.09001
454.1 -3.75051
454.2 -2.25181
454.3 -0.729013
454.4 0.873087
454.5 2.21025
454.6 2.83612
454.7 3.08731
454.8 3.17628
454.9 3.16859
455 3.41819
455.1 4.09959
455.2 4.99498
455.3 5.79929
455.4 6.52849
455.5 6.70969
455.6 6.37409
455.7 6.20599
455.8 6.57939
455.9 7.03489
456 6.72158
456.1 5.80289
456.2 4.93739
456.3 4.07399
456.4 3.01479
456.5 1.93829
456.6 0.916286
456.7 -0.218513
456.8 -1.09761
456.9 -1.26261
457 -0.887043
457.1 -0.662344
457.2 -0.956123
457.3 -1.78331
457.4 -2.99451
457.5 -4.64221
457.6 -6.51281
457.7 -8.00351
457.8 -8.89731
457.9 -9.37021
458 -9.44061
458.1 -8.92081
458.2 -7.68311
458.3 -5.90151
458.4 -4.25611
458.5 -3.23961
458.6 -2.24871
458.7 -1.02961
458.8 0.182087
458.9 1.39251
459 2.73006
459.1 3.96978
459.2 4.63216
459.3 4.47279
459.4 3.40149
459.5 2.36229
459.6 2.14178
459.7 2.57389
459.8 3.11019
459.9 3.61719
460 4.40889
460.1 5.57489
460.2 6.99849
460.3 8.42488
460.4 9.23919
460.5 9.52979
460.6 7.91179
460.7 4.35958
460.8 1.05349
460.9 -1.22281
461 -2.85409
461.1 -4.24132
461.2 -5.46111
461.3 -6.42911
461.4 -7.14601
461.5 -7.69141
461.6 -7.96581
461.7 -7.80511
461.8 -7.24471
461.9 -6.36961
462 -5.23711
462.1 -3.95111
462.2 -2.88581
462.3 -2.01111
462.4 -0.693512
462.5 1.21607
462.6 3.42213
462.7 5.79914
462.8 6.7258
462.9 5.35402
463 3.36724
463.1 1.44449
463.2 -0.664213
463.3 -2.65941
463.4 -4.09791
463.5 -4.89241
463.6 -5.09391
463.7 -4.75831
463.8 -3.98561
463.9 -2.89358
464 -1.60402
464.1 0.0345879
464.2 2.28099
464.3 5.05289
464.4 7.89099
464.5 10.28
464.6 11.6318
464.7 10.8809
464.8 8.37019
464.9 5.76369
465 3.85089
465.1 2.49259
465.2 1.58749
465.3 1.00689
465.4 0.741386
465.5 0.791986
465.6 1.26549
465.7 1.86639
465.8 2.09328
465.9 1.84461
466 1.12182
466.1 0.179968
466.2 -0.600973
466.3 -1.40401
466.4 -2.49961
466.5 -3.79741
466.6 -4.85271
466.7 -5.78861
466.8 -7.27691
466.9 -9.10431
467 -10.9097
467.1 -12.427
467.2 -13.5433
467.3 -13.9592
467.4 -13.5862
467.5 -12.5555
467.6 -10.9496
467.7 -8.63211
467.8 -5.47731
467.9 -2.04171
468 1.23248
468.1 4.28263
468.2 6.83029
468.3 8.55799
468.4 9.53728
468.5 9.98749
468.6 9.67449
468.7 8.92699
468.8 8.24559
468.9 8.06879
469 8.39959
469.1 8.73999
469.2 8.66439
469.3 7.98439
469.4 7.04018
469.5 6.39548
469.6 6.09869
469.7 5.90429
469.8 5.41219
469.9 4.49709
470 3.69128
470.1 3.25799
470.2 2.94009
470.3 2.50269
470.4 1.64989
470.5 0.440887
470.6 -0.439423
470.7 -0.859814
470.8 -1.56681
470.9 -3.01041
471 -4.74861
471.1 -6.11661
471.2 -6.97101
471.3 -7.55001
471.4 -7.80691
471.5 -8.04181
471.6 -8.43781
471.7 -8.28651
471.8 -7.36031
471.9 -6.32141
472 -5.39321
472.1 -4.46311
472.2 -3.81161
472.3 -3.50731
472.4 -3.32551
472.5 -3.45991
472.6 -3.99731
472.7 -4.52311
472.8 -5.09991
472.9 -5.71301
473 -5.90551
473.1 -5.23311
473.2 -3.52371
473.3 -0.97069
473.4 1.87289
473.5 4.32969
473.6 6.52219
473.7 8.39129
473.8 9.62999
473.9 10.4849
474 11.22
474.1 11.49
474.2 11.0893
474.3 9.86839
474.4 7.83959
474.5 5.66489
474.6 3.74409
474.7 2.00249
474.8 0.687387
474.9 0.0267887
475 -0.305012
475.1 -0.919703
475.2 -1.73037
475.3 -2.41508
475.4 -3.02506
475.5 -3.23049
475.6 -2.79051
475.7 -1.93841
475.8 -0.6105
475.9 0.994417
476 2.41177
476.1 2.83391
476.2 1.67732
476.3 -0.065094
476.4 -1.55151
476.5 -2.77121
476.6 -3.69501
476.7 -3.85001
476.8 -3.41121
476.9 -3.24321
477 -3.52971
477.1 -3.55411
477.2 -3.08021
477.3 -2.51131
477.4 -2.02271
477.5 -1.55641
477.6 -1.13151
477.7 -1.12561
477.8 -1.21931
477.9 -1.06501
478 -0.605333
478.1 -0.363832
478.2 -0.615614
478.3 -0.841574
478.4 -0.799313
478.5 -0.370852
478.6 0.371256
478.7 1.05608
478.8 1.57354
478.9 2.21619
479 2.98211
479.1 2.27324
479.2 0.590147
479.3 -0.614143
479.4 -1.28344
479.5 -1.57401
479.6 -1.32507
479.7 -0.811153
479.8 -0.601553
479.9 -0.821373
480 -0.970823
480.1 -0.489042
480.2 0.668488
480.3 2.19202
480.4 3.78159
480.5 4.49736
480.6 3.54768
480.7 1.67684
480.8 0.0877972
480.9 -0.750813
481 -1.295
481.1 -2.18172
481.2 -3.29428
481.3 -3.73074
481.4 -3.0329
481.5 -1.79139
481.6 -0.575064
481.7 0.401127
481.8 1.30676
481.9 2.07969
482 2.46659
482.1 2.53339
482.2 2.87469
482.3 3.45739
482.4 3.74719
482.5 3.68639
482.6 3.52309
482.7 3.22718
482.8 2.57468
482.9 1.84272
483 0.912006
483.1 -0.599953
483.2 -2.22301
483.3 -3.74591
483.4 -5.13111
483.5 -6.23691
483.6 -7.10531
483.7 -7.84211
483.8 -8.16591
483.9 -7.58091
484 -6.14501
484.1 -4.13921
484.2 -2.05071
484.3 0.250008
484.4 3.42139
484.5 6.35069
484.6 7.37519
484.7 6.96299
484.8 6.36879
484.9 5.99839
485 6.20219
485.1 6.56639
485.2 6.45089
485.3 5.80999
485.4 4.71318
485.5 3.66519
485.6 2.81859
485.7 1.77719
485.8 0.313828
485.9 -1.23796
486 -2.52561
486.1 -3.67071
486.2 -4.95221
486.3 -6.21261
486.4 -7.19741
486.5 -7.82161
486.6 -8.03621
486.7 -8.10471
486.8 -8.38051
486.9 -8.65961
487 -8.68081
487.1 -8.60231
487.2 -7.75151
487.3 -5.88981
487.4 -3.72211
487.5 -1.43551
487.6 1.10521
487.7 3.71899
487.8 6.19979
487.9 8.75629
488 11.3729
488.1 13.5953
488.2 14.8865
488.3 14.905
488.4 13.8513
488.5 12.1726
488.6 9.89079
488.7 7.18098
488.8 4.46229
488.9 1.93559
489 -0.256912
489.1 -1.9869
489.2 -3.18785
489.3 -3.94901
489.4 -4.63511
489.5 -5.37551
489.6 -6.02521
489.7 -6.52561
489.8 -6.62091
489.9 -6.31551
490 -6.04241
490.1 -5.69911
490.2 -5.13871
490.3 -4.15001
490.4 -2.75881
490.5 -1.32641
490.6 0.0505466
490.7 1.54338
490.8 2.77122
490.9 3.27267
491 3.06113
491.1 2.83131
491.2 2.7724
491.3 2.52364
491.4 1.98882
491.5 1.0156
491.6 -0.0236435
491.7 -0.962353
491.8 -1.94061
491.9 -2.62851
492 -2.70481
492.1 -2.24171
492.2 -1.58671
492.3 -1.17531
492.4 -1.10342
492.5 -1.08825
492.6 -1.22768
492.7 -1.33021
492.8 -1.43844
492.9 -1.60976
493 -1.25729
493.1 -0.354084
493.2 0.661488
493.3 1.64779
493.4 2.64589
493.5 3.69879
493.6 4.10499
493.7 4.12699
493.8 4.38509
493.9 4.73949
494 4.62099
494.1 3.91719
494.2 2.83809
494.3 1.30809
494.4 -0.601122
494.5 -1.92486
494.6 -2.38639
494.7 -2.34783
494.8 -1.93721
494.9 -1.12546
495 0.327806
495.1 1.70208
495.2 2.24594
495.3 2.20679
495.4 1.78326
495.5 1.17573
495.6 0.601198
495.7 -0.305733
495.8 -1.76771
495.9 -3.21911
496 -4.29761
496.1 -5.06301
496.2 -5.90491
496.3 -6.63791
496.4 -6.96831
496.5 -6.91931
496.6 -6.49271
496.7 -5.56561
496.8 -4.12951
496.9 -1.79971
497 0.979376
497.1 3.01561
497.2 3.88285
497.3 4.17678
497.4 4.56768
497.5 5.02938
497.6 5.20749
497.7 5.35529
497.8 5.50879
497.9 5.09039
498 4.15659
498.1 2.96139
498.2 1.56999
498.3 0.0235977
498.4 -1.27764
498.5 -2.03171
498.6 -2.51009
498.7 -2.85328
498.8 -2.96185
498.9 -2.83364
499 -2.3328
499.1 -1.34833
499.2 -0.622675
499.3 -0.600304
499.4 -0.594753
499.5 0.125986
499.6 1.56289
499.7 2.95349
499.8 3.71268
499.9 4.09698
500 4.62149
500.1 5.30419
500.2 5.79359
500.3 5.71709
500.4 5.25639
500.5 4.69579
500.6 4.04189
500.7 3.23188
500.8 2.00735
500.9 0.565708
501 -0.673063
501.1 -1.84511
501.2 -3.07231
501.3 -4.30411
501.4 -5.45011
501.5 -6.66961
501.6 -8.13061
501.7 -9.44781
501.8 -10.3633
501.9 -10.7094
502 -10.3773
502.1 -9.71271
502.2 -9.14681
502.3 -8.67231
502.4 -8.22851
502.5 -7.61541
502.6 -6.62341
502.7 -4.96561
502.8 -2.52201
502.9 0.0599976
503 2.36749
503.1 4.77489
503.2 7.58569
503.3 10.512
503.4 12.9121
503.5 14.2933
503.6 14.608
503.7 14.448
503.8 13.4781
503.9 12.004
504 10.7698
504.1 9.90189
504.2 9.03638
504.3 7.62918
504.4 5.81069
504.5 4.12029
504.6 2.50519
504.7 0.529589
504.8 -1.54481
504.9 -3.03984
505 -3.96437
505.1 -4.25718
505.2 -3.79964
505.3 -2.87384
505.4 -2.03031
505.5 -1.85511
505.6 -2.29631
505.7 -2.77901
505.8 -3.18011
505.9 -3.50931
506 -3.65351
506.1 -3.90891
506.2 -4.33431
506.3 -4.77331
506.4 -5.51401
506.5 -6.56131
506.6 -7.88071
506.7 -9.42491
506.8 -10.7926
506.9 -11.3839
507 -11.1747
507.1 -10.3847
507.2 -8.91521
507.3 -6.74621
507.4 -4.51571
507.5 -2.35821
507.6 -0.0330124
507.7 2.38383
507.8 4.66289
507.9 6.69609
508 8.62299
508.1 10.0358
508.2 10.3824
508.3 9.96029
508.4 9.33739
508.5 8.85459
508.6 8.62309
508.7 8.35499
508.8 7.86899
508.9 6.97569
509 5.87759
509.1 4.62519
509.2 3.42939
509.3 2.55929
509.4 1.81109
509.5 1.05869
509.6 0.535488
509.7 0.693586
509.8 1.67089
509.9 3.07969
510 3.93999
510.1 3.56379
510.2 2.03509
510.3 0.141716
510.4 -1.29284
510.5 -2.2338
510.6 -2.98311
510.7 -3.61031
510.8 -4.09951
510.9 -4.29681
511 -3.99521
511.1 -3.15191
511.2 -2.41521
511.3 -2.51381
511.4 -2.99481
511.5 -3.89461
511.6 -5.41031
511.7 -6.81291
511.8 -7.46981
511.9 -7.46221
512 -7.26501
512.1 -7.06811
512.2 -6.54971
512.3 -5.40651
512.4 -4.03621
512.5 -2.94171
512.6 -1.94681
512.7 -0.971613
512.8 -0.177813
512.9 0.418226
513 0.828438
513.1 1.40987
513.2 2.48629
513.3 3.64069
513.4 4.33089
513.5 4.35769
513.6 3.82999
513.7 2.81129
513.8 2.02429
513.9 1.53059
514 0.873386
514.1 0.225477
514.2 -0.0245113
514.3 -0.494263
514.4 -1.20911
514.5 -1.33381
514.6 -0.824213
514.7 0.239086
514.8 2.02339
514.9 4.57909
515 7.61349
515.1 10.5316
515.2 12.4691
515.3 12.8092
515.4 12.3046
515.5 11.5215
515.6 9.89369
515.7 7.65489
515.8 5.41249
515.9 3.36629
516 1.28859
516.1 -0.953983
516.2 -2.99624
516.3 -4.90171
516.4 -6.68961
516.5 -7.99421
516.6 -8.79111
516.7 -9.41681
516.8 -10.0392
516.9 -10.4652
517 -10.2605
517.1 -9.51461
517.2 -8.61241
517.3 -7.65261
517.4 -6.69921
517.5 -5.71831
517.6 -4.67931
517.7 -3.66881
517.8 -2.86391
517.9 -2.42941
518 -2.11191
518.1 -1.33301
518.2 -0.330112
518.3 0.432827
518.4 1.29893
518.5 2.34159
518.6 3.3664
518.7 4.50089
518.8 5.59109
518.9 5.87199
519 5.16689
519.1 3.55189
519.2 1.24159
519.3 -0.582813
519.4 -1.22281
519.5 -1.05121
519.6 -0.697514
519.7 0.103386
519.8 1.43959
519.9 3.07508
520 4.76089
520.1 5.90959
520.2 6.25309
520.3 5.80359
520.4 4.85659
520.5 4.00159
520.6 3.26559
520.7 2.69859
520.8 2.29519
520.9 1.55529
521 0.205788
521.1 -1.095
521.2 -1.81133
521.3 -2.16914
521.4 -2.03845
521.5 -1.41376
521.6 -0.500713
521.7 0.541327
521.8 1.24619
521.9 1.36358
522 1.19016
522.1 0.873177
522.2 0.302887
522.3 -0.533512
522.4 -1.51531
522.5 -2.44971
522.6 -3.32961
522.7 -3.81621
522.8 -3.65611
522.9 -3.24051
523 -2.75211
523.1 -1.91481
523.2 -0.908413
523.3 -0.426714
523.4 -0.647112
523.5 -1.31821
523.6 -2.23491
523.7 -3.47451
523.8 -5.20791
523.9 -6.92971
524 -8.22381
524.1 -9.31031
524.2 -10.2076
524.3 -10.4924
524.4 -9.80631
524.5 -8.07811
524.6 -5.08551
524.7 -1.64921
524.8 1.48324
524.9 4.34709
525 6.50479
525.1 7.84819
525.2 8.72579
525.3 9.38979
525.4 10.2366
525.5 11.1841
525.6 11.3882
525.7 10.4943
525.8 9.27988
525.9 8.52279
526 8.27449
526.1 8.43619
526.2 8.83199
526.3 8.46049
526.4 7.05589
526.5 5.30249
526.6 3.74799
526.7 2.67779
526.8 2.02159
526.9 1.24269
527 -0.025423
527.1 -1.43582
527.2 -2.78801
527.3 -4.30011
527.4 -5.76851
527.5 -6.93041
527.6 -7.82031
527.7 -8.30271
527.8 -8.27401
527.9 -7.94391
528 -7.93821
528.1 -8.32031
528.2 -8.45881
528.3 -8.09071
528.4 -7.58621
528.5 -6.96481
528.6 -6.10931
528.7 -5.16821
528.8 -4.26941
528.9 -3.40611
529 -2.53521
529.1 -1.80691
529.2 -1.27241
529.3 -0.750414
529.4 0.0634861
529.5 1.36987
529.6 2.99327
529.7 4.31379
529.8 5.02098
529.9 5.17548
530 5.14339
530.1 5.06709
530.2 4.33469
530.3 2.98738
530.4 1.84919
530.5 1.30609
530.6 1.06519
530.7 0.964987
530.8 1.19789
530.9 2.02919
531 3.33929
531.1 4.58059
531.2 5.41209
531.3 6.01939
531.4 6.53559
531.5 6.87889
531.6 7.11499
531.7 6.62219
531.8 5.20098
531.9 3.54288
532 2.44759
532.1 1.87799
532.2 1.35269
532.3 0.430136
532.4 -0.919601
532.5 -2.23523
532.6 -2.97831
532.7 -3.10931
532.8 -2.74791
532.9 -2.45861
533 -3.01811
533.1 -4.21791
533.2 -5.83251
533.3 -7.43211
533.4 -8.15061
533.5 -7.78871
533.6 -6.93191
533.7 -5.80801
533.8 -4.29681
533.9 -2.78721
534 -1.97711
534.1 -1.79191
534.2 -1.90381
534.3 -1.87041
534.4 -1.36011
534.5 -0.289312
534.6 0.875788
534.7 1.36644
534.8 0.878036
534.9 -0.287132
535 -1.24176
535.1 -1.69466
535.2 -1.7287
535.3 -1.35348
535.4 -0.720243
535.5 -0.206953
535.6 0.251427
535.7 0.878088
535.8 1.56889
535.9 2.13629
536 2.87959
536.1 3.83399
536.2 4.47209
536.3 4.46629
536.4 4.06349
536.5 3.50589
536.6 2.72629
536.7 1.71479
536.8 0.451887
536.9 -0.654812
537 -1.07741
537.1 -0.876312
537.2 -0.713024
537.3 -0.587444
537.4 -0.0631027
537.5 0.888887
537.6 2.10169
537.7 3.05109
537.8 3.45479
537.9 3.83669
538 4.11469
538.1 3.88529
538.2 3.73499
538.3 3.87709
538.4 4.15979
538.5 4.53078
538.6 4.84819
538.7 4.21879
538.8 2.60019
538.9 1.09467
539 -0.0392742
539.1 -0.758183
539.2 -1.56261
539.3 -3.11171
539.4 -4.90641
539.5 -6.26791
539.6 -7.34821
539.7 -8.21031
539.8 -8.64741
539.9 -8.67791
540 -8.66691
540.1 -8.79301
540.2 -8.97051
540.3 -8.87671
540.4 -8.58691
540.5 -8.36011
540.6 -8.04451
540.7 -7.57271
540.8 -6.87841
540.9 -5.65711
541 -4.09511
541.1 -2.30021
541.2 -0.283493
541.3 1.86666
541.4 4.08818
541.5 6.27798
541.6 8.19329
541.7 9.43089
541.8 10.261
541.9 11.3039
542 12.5178
542.1 13.6381
542.2 14.4134
542.3 14.2645
542.4 13.4031
542.5 12.1581
542.6 10.0316
542.7 7.32038
542.8 4.82829
542.9 2.76259
543 1.08309
543.1 -0.114714
543.2 -0.832413
543.3 -1.20511
543.4 -1.41141
543.5 -1.45941
543.6 -1.46871
543.7 -1.59362
543.8 -1.97231
543.9 -2.84861
544 -4.51721
544.1 -6.60511
544.2 -8.09471
544.3 -9.01861
544.4 -9.91231
544.5 -10.5658
544.6 -10.6479
544.7 -10.2733
544.8 -9.61801
544.9 -8.97901
545 -8.45151
545.1 -7.85841
545.2 -6.88281
545.3 -4.96151
545.4 -2.08871
545.5 0.720486
545.6 2.77399
545.7 3.89624
545.8 4.52381
545.9 5.10759
546 5.60489
546.1 6.12819
546.2 6.05929
546.3 5.04799
546.4 3.68899
546.5 2.57928
546.6 1.83979
546.7 1.51169
546.8 1.69809
546.9 2.35719
547 3.36889
547.1 4.38948
547.2 5.20198
547.3 5.84409
547.4 6.56618
547.5 7.11929
547.6 6.79739
547.7 6.05539
547.8 5.66299
547.9 4.83059
548 3.51009
548.1 2.50969
548.2 2.03019
548.3 1.77569
548.4 1.07456
548.5 0.0838966
548.6 -0.735012
548.7 -1.33751
548.8 -2.20611
548.9 -3.82201
549 -5.93571
549.1 -8.09311
549.2 -9.88981
549.3 -11.3708
549.4 -12.4145
549.5 -12.2851
549.6 -10.7623
549.7 -8.72611
549.8 -6.52991
549.9 -4.00861
550 -1.66721
550.1 -0.0801105
550.2 1.40899
550.3 3.05629
550.4 3.47706
550.5 2.19909
550.6 0.504168
550.7 -0.391033
550.8 -0.357613
550.9 0.107487
551 0.700787
551.1 1.43579
551.2 2.47248
551.3 3.91599
551.4 5.28828
551.5 6.43439
551.6 7.26268
551.7 7.25549
551.8 6.75269
551.9 6.01009
552 4.81248
552.1 3.15779
552.2 1.26499
552.3 -0.548313
552.4 -2.00581
552.5 -2.50723
552.6 -2.03915
552.7 -1.40163
552.8 -0.946222
552.9 -0.605852
553 -0.869543
553.1 -1.80681
553.2 -2.47961
553.3 -2.46351
553.4 -2.08001
553.5 -1.79971
553.6 -1.87101
553.7 -2.09131
553.8 -2.47151
553.9 -2.59421
554 -2.06621
554.1 -1.29235
554.2 -0.274254
554.3 1.01757
554.4 2.33467
554.5 3.34189
554.6 3.95647
554.7 3.97161
554.8 3.29855
554.9 2.27761
555 1.18946
555.1 0.206907
555.2 -0.455442
555.3 -0.761097
555.4 -0.935013
555.5 -1.01772
555.6 -0.978682
555.7 -1.05586
555.8 -1.51031
555.9 -2.52631
556 -3.50711
556.1 -3.74041
556.2 -3.17385
556.3 -2.08681
556.4 -0.689304
556.5 0.308268
556.6 -0.0871124
556.7 -1.31231
556.8 -2.34841
556.9 -2.78271
557 -2.69771
557.1 -2.45441
557.2 -2.07221
557.3 -1.77661
557.4 -1.92311
557.5 -1.95801
557.6 -1.52696
557.7 -0.763292
557.8 -0.0699787
557.9 0.371008
558 1.16919
558.1 2.77349
558.2 4.53709
558.3 5.97589
558.4 7.25489
558.5 8.24469
558.6 8.30279
558.7 7.21419
558.8 5.70979
558.9 4.45469
559 3.64579
559.1 3.04459
559.2 2.34409
559.3 1.59619
559.4 1.02189
559.5 0.373756
559.6 -0.385357
559.7 -1.02005
559.8 -2.32621
559.9 -4.69111
560 -6.49761
560.1 -6.93246
560.2 -6.65101
560.3 -6.32151
560.4 -5.77691
560.5 -5.02381
560.6 -4.29421
560.7 -3.30681
560.8 -2.09601
560.9 -1.24001
561 -0.589813
561.1 0.226957
561.2 1.04479
561.3 1.29055
561.4 1.28544
561.5 1.3421
561.6 1.15514
561.7 0.890478
561.8 0.778997
561.9 0.527817
562 0.159317
562.1 -0.145573
562.2 -0.155842
562.3 0.00248718
562.4 -0.386602
562.5 -1.08113
562.6 -1.3036
562.7 -1.31051
562.8 -1.33388
562.9 -1.11419
563 -0.559483
563.1 0.160837
563.2 0.880186
563.3 1.42409
563.4 2.14268
563.5 3.39589
563.6 4.72169
563.7 5.48978
563.8 5.77699
563.9 5.86499
564 5.58169
564.1 4.26989
564.2 2.59439
564.3 1.08879
564.4 -0.221212
564.5 -1.27975
564.6 -1.9683
564.7 -2.14063
564.8 -1.85935
564.9 -1.52181
565 -1.23441
565.1 -1.18821
565.2 -1.89711
565.3 -2.87061
565.4 -3.70401
565.5 -4.52991
565.6 -5.44321
565.7 -6.19431
565.8 -6.81521
565.9 -7.23521
566 -7.19711
566.1 -6.58261
566.2 -5.25721
566.3 -3.49991
566.4 -1.77011
566.5 -0.152912
566.6 1.12229
566.7 1.89149
566.8 2.32614
566.9 2.53342
567 2.40966
567.1 2.16888
567.2 1.85059
567.3 1.46329
567.4 1.59899
567.5 2.43559
567.6 3.85759
567.7 5.53349
567.8 6.91479
567.9 7.99979
568 8.98819
568.1 9.40269
568.2 8.45919
568.3 6.65908
568.4 4.95279
568.5 3.96199
568.6 3.45719
568.7 2.95469
568.8 2.29799
568.9 1.33049
569 0.278688
569.1 -0.394413
569.2 -0.816183
569.3 -1.26938
569.4 -1.71661
569.5 -2.07441
569.6 -2.56231
569.7 -3.57291
569.8 -5.10881
569.9 -6.55931
570 -7.81411
570.1 -9.16161
570.2 -10.1899
570.3 -10.734
570.4 -10.9914
570.5 -10.8164
570.6 -10.1688
570.7 -9.39071
570.8 -8.49291
570.9 -7.22281
571 -5.96671
571.1 -4.75721
571.2 -3.33631
571.3 -1.37171
571.4 1.18136
571.5 3.58057
571.6 5.35138
571.7 6.73209
571.8 8.07549
571.9 9.40528
572 10.529
572.1 11.1092
572.2 10.8814
572.3 10.7646
572.4 11.398
572.5 11.7806
572.6 11.8493
572.7 11.8652
572.8 11.2256
572.9 9.96859
573 7.52599
573.1 4.32839
573.2 1.06599
573.3 -2.09751
573.4 -4.72624
573.5 -6.50256
573.6 -7.32836
573.7 -7.09286
573.8 -6.36081
573.9 -5.94401
574 -6.01201
574.1 -5.99871
574.2 -5.61061
574.3 -4.88211
574.4 -4.13761
574.5 -4.33481
574.6 -5.25821
574.7 -5.76161
574.8 -5.68321
574.9 -5.42731
575 -4.91331
575.1 -3.93221
575.2 -2.39821
575.3 -0.719614
575.4 0.645088
575.5 1.58409
575.6 2.24266
575.7 2.55814
575.8 2.58058
575.9 2.62141
576 2.67779
576.1 2.73608
576.2 3.26208
576.3 4.02119
576.4 4.20329
576.5 3.55179
576.6 2.27479
576.7 0.704687
576.8 -0.485453
576.9 -1.10401
577 -1.49851
577.1 -1.87952
577.2 -2.36348
577.3 -2.97827
577.4 -3.45048
577.5 -3.39616
577.6 -2.80023
577.7 -2.07858
577.8 -1.36283
577.9 -0.464432
578 0.949587
578.1 2.80738
578.2 4.49079
578.3 5.37978
578.4 4.97209
578.5 3.96449
578.6 2.87349
578.7 2.08869
578.8 2.02798
578.9 2.37493
579 2.29548
579.1 1.29449
579.2 -0.245384
579.3 -1.58031
579.4 -2.43181
579.5 -2.83081
579.6 -2.93641
579.7 -3.09361
579.8 -3.13551
579.9 -2.66621
580 -1.85461
580.1 -1.22532
580.2 -0.942364
580.3 -0.788263
580.4 -0.337152
580.5 0.456457
580.6 1.38963
580.7 2.28669
580.8 2.74819
580.9 2.76749
581 2.69719
581.1 2.47969
581.2 2.05849
581.3 1.68799
581.4 1.52919
581.5 1.2947
581.6 0.460386
581.7 -0.594263
581.8 -0.900694
581.9 -0.564413
582 -0.297512
582.1 -0.080864
582.2 0.119987
582.3 -0.493513
582.4 -2.00871
582.5 -3.56531
582.6 -4.68591
582.7 -5.16631
582.8 -5.29841
582.9 -5.78611
583 -6.65581
583.1 -6.76521
583.2 -5.62391
583.3 -4.29021
583.4 -3.41151
583.5 -2.28551
583.6 -0.720413
583.7 0.916977
583.8 1.9792
583.9 2.34369
584 2.59549
584.1 3.14819
584.2 4.24438
584.3 5.65609
584.4 6.71078
584.5 7.18959
584.6 7.14459
584.7 6.42369
584.8 5.62149
584.9 5.17348
585 4.79719
585.1 4.44769
585.2 4.59949
585.3 4.97049
585.4 4.85179
585.5 4.35039
585.6 3.56019
585.7 2.41629
585.8 1.42169
585.9 0.826487
586 0.428988
586.1 -0.0547237
586.2 -0.670574
586.3 -1.65051
586.4 -2.99371
586.5 -4.59511
586.6 -6.25771
586.7 -7.76701
586.8 -9.00921
586.9 -9.99781
587 -10.5412
587.1 -10.5459
587.2 -9.90591
587.3 -8.48731
587.4 -6.67941
587.5 -5.77001
587.6 -6.34091
587.7 -7.10391
587.8 -7.17801
587.9 -6.55761
588 -5.30701
588.1 -3.58001
588.2 -1.52801
588.3 0.582657
588.4 2.43279
588.5 3.96688
588.6 5.75838
588.7 7.74239
588.8 9.06609
588.9 9.87679
589 10.4062
589.1 10.4889
589.2 10.2514
589.3 9.41278
589.4 8.31729
589.5 7.70798
589.6 7.46859
589.7 7.28509
589.8 7.04609
589.9 6.63859
590 5.94489
590.1 5.15869
590.2 4.34499
590.3 3.52888
590.4 2.77959
590.5 2.18888
590.6 1.75859
590.7 1.05779
590.8 -0.062273
590.9 -1.58417
591 -3.10791
591.1 -4.43811
591.2 -5.86181
591.3 -7.13261
591.4 -7.84281
591.5 -8.24901
591.6 -8.98601
591.7 -9.79201
591.8 -10.1098
591.9 -9.79011
592 -9.31351
592.1 -9.09561
592.2 -8.74151
592.3 -7.62631
592.4 -5.64691
592.5 -3.46941
592.6 -1.39391
592.7 0.213089
592.8 1.42129
592.9 2.13659
593 1.94624
593.1 1.37979
593.2 1.1056
593.3 1.14971
593.4 1.40019
593.5 2.02019
593.6 2.95259
593.7 3.58018
593.8 3.31709
593.9 2.58609
594 2.26559
594.1 2.37999
594.2 2.24079
594.3 1.75969
594.4 1.32209
594.5 0.986887
594.6 0.667788
594.7 0.669287
594.8 1.11599
594.9 1.38389
595 1.14229
595.1 0.961287
595.2 1.50349
595.3 2.80589
595.4 4.40689
595.5 5.70199
595.6 6.52109
595.7 6.49529
595.8 5.46099
595.9 4.27589
596 3.24989
596.1 2.14239
596.2 1.05102
596.3 -0.309629
596.4 -1.91178
596.5 -3.17921
596.6 -4.02311
596.7 -4.22011
596.8 -3.42101
596.9 -2.62441
597 -2.90261
597.1 -3.83461
597.2 -4.47231
597.3 -4.73001
597.4 -4.78811
597.5 -4.46461
597.6 -3.84021
597.7 -3.25771
597.8 -2.48661
597.9 -1.24631
598 0.0774078
598.1 0.871847
598.2 0.896961
598.3 0.848618
598.4 1.10135
598.5 1.06144
598.6 0.856928
598.7 1.08886
598.8 1.50019
598.9 1.54984
599 1.3889
599.1 1.48284
599.2 1.76972
599.3 1.8564
599.4 1.52918
599.5 0.998898
599.6 0.636827
599.7 0.550756
599.8 0.570448
599.9 0.0670376
600 -0.559013
600.1 -0.940714
600.2 -1.45098
600.3 -1.96673
600.4 -2.1872
600.5 -2.1653
600.6 -1.81229
600.7 -1.12025
600.8 -0.163172
600.9 0.963717
601 1.64214
601.1 0.595167
601.2 -1.39021
601.3 -2.84031
601.4 -3.53161
601.5 -3.57091
601.6 -3.15501
601.7 -2.62589
601.8 -1.57162
601.9 0.374355
602 2.24105
602.1 3.00599
602.2 3.22259
602.3 3.52919
602.4 4.30069
602.5 5.63239
602.6 7.47679
602.7 9.15469
602.8 10.2085
602.9 1.84339
